-1.311201453208923340e-01 2.163076847791671753e-01 3.244281113147735596e-01
-9.687086939811706543e-02 1.433068364858627319e-01 3.387264013290405273e-01
-5.157738178968429565e-02 2.662469446659088135e-01 2.921651899814605713e-01
-1.625674590468406677e-02 1.974458694458007812e-01 3.262037038803100586e-01
-1.395993828773498535e-01 1.834341287612915039e-01 2.571800947189331055e-01
-9.627811610698699951e-02 1.207616701722145081e-01 2.683592140674591064e-01
-5.985748395323753357e-02 2.348838150501251221e-01 2.269496619701385498e-01
-1.537841930985450745e-02 1.771198064088821411e-01 2.552779018878936768e-01
-1.454275399446487427e-01 1.541751921176910400e-01 1.885475516319274902e-01
-9.356850385665893555e-02 9.913291782140731812e-02 1.970894485712051392e-01
-6.509573757648468018e-02 2.070825845003128052e-01 1.580747365951538086e-01
-1.227834075689315796e-02 1.573016941547393799e-01 1.834885776042938232e-01
-5.301819369196891785e-02 5.807425454258918762e-02 2.798922061920166016e-01
2.661980874836444855e-02 1.171624585986137390e-01 2.811689674854278564e-01
-4.180042073130607605e-02 4.363008588552474976e-02 2.079220265150070190e-01
3.796800598502159119e-02 1.050659343600273132e-01 2.088248431682586670e-01
-1.721018850803375244e-01 2.785505056381225586e-01 3.054209351539611816e-01
-9.383472800254821777e-02 3.254080712795257568e-01 2.646274268627166748e-01
-1.849501132965087891e-01 2.418890595436096191e-01 2.409966737031936646e-01
-1.070228070020675659e-01 2.896229922771453857e-01 2.013854533433914185e-01
-1.952549070119857788e-01 2.091686874628067017e-01 1.740030497312545776e-01
-1.163849160075187683e-01 2.579704225063323975e-01 1.347716003656387329e-01
-6.233565136790275574e-02 7.283297926187515259e-02 3.519411981105804443e-01
1.773437298834323883e-02 1.294631510972976685e-01 3.532616496086120605e-01
-2.719150297343730927e-02 -1.304554520174860954e-03 3.608058393001556396e-01
4.899699613451957703e-02 5.759882554411888123e-02 3.801550567150115967e-01
-8.953785523772239685e-03 -5.607400555163621902e-03 2.895204722881317139e-01
6.685268878936767578e-02 5.543161556124687195e-02 3.089360594749450684e-01
1.154283061623573303e-02 -1.052727829664945602e-02 2.183266282081604004e-01
8.745144307613372803e-02 5.309167876839637756e-02 2.370587587356567383e-01
3.684754669666290283e-02 -6.726588308811187744e-02 2.984315454959869385e-01
1.084116175770759583e-01 -6.446740124374628067e-03 3.304011821746826172e-01
6.449550390243530273e-02 -6.473789364099502563e-02 2.296630442142486572e-01
1.357232630252838135e-01 -9.878833079710602760e-04 2.614490687847137451e-01
1.547335386276245117e-01 9.335470199584960938e-01 5.602741241455078125e-01
1.294923126697540283e-01 8.694557547569274902e-01 5.539637804031372070e-01
1.639543920755386353e-01 9.418404698371887207e-01 4.611780643463134766e-01
1.392446905374526978e-01 8.768159747123718262e-01 4.515580534934997559e-01
6.432849913835525513e-02 9.608303308486938477e-01 5.544472336769104004e-01
5.068351328372955322e-02 8.927602767944335938e-01 5.546225905418395996e-01
7.972292602062225342e-02 9.638872742652893066e-01 4.582436680793762207e-01
6.651864200830459595e-02 8.965193629264831543e-01 4.521507620811462402e-01
1.024756208062171936e-01 8.029758930206298828e-01 5.486245155334472656e-01
1.104202717542648315e-01 8.093601465225219727e-01 4.415614604949951172e-01
3.863806277513504028e-02 8.206889033317565918e-01 5.546069741249084473e-01
5.320314317941665649e-02 8.241688013076782227e-01 4.452077746391296387e-01
3.072475790977478027e-01 5.973404049873352051e-01 5.298868417739868164e-01
2.470692545175552368e-01 5.504224896430969238e-01 5.158503651618957520e-01
3.218320906162261963e-01 6.069430112838745117e-01 4.330283701419830322e-01
2.668670117855072021e-01 5.556958913803100586e-01 4.185019731521606445e-01
2.638114094734191895e-01 6.592607498168945312e-01 5.312117338180541992e-01
2.071254849433898926e-01 6.111294031143188477e-01 5.162070989608764648e-01
2.759422361850738525e-01 6.705631613731384277e-01 4.326367676258087158e-01
2.228791415691375732e-01 6.183448433876037598e-01 4.173309504985809326e-01
1.862762570381164551e-01 5.068442821502685547e-01 4.970419108867645264e-01
2.131848335266113281e-01 5.040208697319030762e-01 4.008181691169738770e-01
1.453899741172790527e-01 5.688091516494750977e-01 4.959253668785095215e-01
1.696747690439224243e-01 5.688049793243408203e-01 3.968452215194702148e-01
-2.434028983116149902e-01 4.431663751602172852e-01 3.247890472412109375e-01
-1.985688358545303345e-01 3.843593597412109375e-01 3.455613851547241211e-01
-1.721767932176589966e-01 4.812386631965637207e-01 2.662228643894195557e-01
-1.241931468248367310e-01 4.270242452621459961e-01 2.953050136566162109e-01
-2.619216144084930420e-01 3.956615626811981201e-01 2.681528925895690918e-01
-2.146777063608169556e-01 3.389783501625061035e-01 2.868320941925048828e-01
-1.892039477825164795e-01 4.344891309738159180e-01 2.121696919202804565e-01
-1.384569108486175537e-01 3.828705549240112305e-01 2.385848015546798706e-01
-1.591228246688842773e-01 3.201107978820800781e-01 3.660233914852142334e-01
-8.115112781524658203e-02 3.659506738185882568e-01 3.258631527423858643e-01
-2.785239815711975098e-01 3.548380136489868164e-01 2.064865082502365112e-01
-2.306179702281951904e-01 2.997308969497680664e-01 2.244401872158050537e-01
-2.046831250190734863e-01 3.944195210933685303e-01 1.521001309156417847e-01
-1.543110013008117676e-01 3.440304696559906006e-01 1.774958968162536621e-01
-2.231387943029403687e-01 4.933250248432159424e-01 3.772542476654052734e-01
-1.789137572050094604e-01 4.342884123325347900e-01 3.983265161514282227e-01
-1.538464426994323730e-01 5.325285196304321289e-01 3.170520961284637451e-01
-1.067443564534187317e-01 4.780952632427215576e-01 3.451696932315826416e-01
-2.917836010456085205e-01 4.974570572376251221e-01 3.040235042572021484e-01
-2.231280356645584106e-01 5.314814448356628418e-01 2.397836446762084961e-01
-3.128608167171478271e-01 4.482869803905487061e-01 2.503866255283355713e-01
-2.431800365447998047e-01 4.826077222824096680e-01 1.873277723789215088e-01
1.125688403844833374e-01 -3.104669749736785889e-01 4.277983903884887695e-01
1.632239073514938354e-01 -3.709335327148437500e-01 4.250048100948333740e-01
1.653813868761062622e-01 -2.599965333938598633e-01 4.940243363380432129e-01
2.097965925931930542e-01 -3.288071155548095703e-01 5.000841617584228516e-01
1.461946815252304077e-01 -2.711180150508880615e-01 3.739469051361083984e-01
1.991581618785858154e-01 -3.289567530155181885e-01 3.759884536266326904e-01
1.996468007564544678e-01 -2.208649516105651855e-01 4.401183128356933594e-01
2.462756037712097168e-01 -2.823112607002258301e-01 4.503491222858428955e-01
2.194685488939285278e-01 -4.242147803306579590e-01 4.197030961513519287e-01
2.596951723098754883e-01 -3.885121345520019531e-01 5.036493539810180664e-01
2.569124102592468262e-01 -3.787665367126464844e-01 3.761819899082183838e-01
2.974314391613006592e-01 -3.379025161266326904e-01 4.591893255710601807e-01
-1.191636621952056885e-01 2.574879527091979980e-01 3.862237334251403809e-01
-3.929033130407333374e-02 3.072015047073364258e-01 3.517507314682006836e-01
-2.706166505813598633e-01 5.486959218978881836e-01 3.552889525890350342e-01
-2.042459249496459961e-01 5.834931731224060059e-01 2.895695865154266357e-01
-3.402999341487884521e-01 5.516769886016845703e-01 2.829458415508270264e-01
-2.746978700160980225e-01 5.812467932701110840e-01 2.153294533491134644e-01
-3.625677525997161865e-01 5.012435913085937500e-01 2.294514477252960205e-01
-2.952985465526580811e-01 5.315863490104675293e-01 1.629112958908081055e-01
-2.425847053527832031e-01 2.655533254146575928e-01 1.573295444250106812e-01
-1.655854433774948120e-01 3.105219006538391113e-01 1.120064184069633484e-01
1.183355152606964111e-01 1.042277961969375610e-01 5.743536353111267090e-01
5.871510878205299377e-02 5.790830776095390320e-02 5.640649795532226562e-01
1.803361326456069946e-01 5.778963491320610046e-02 5.130631923675537109e-01
1.295360624790191650e-01 2.030977746471762657e-03 5.279458761215209961e-01
8.370540291070938110e-02 1.371687054634094238e-01 5.170790553092956543e-01
3.316131979227066040e-02 7.914929091930389404e-02 4.981509745121002197e-01
1.466284245252609253e-01 9.078202396631240845e-02 4.526683390140533447e-01
1.049922704696655273e-01 2.399233169853687286e-02 4.586214721202850342e-01
-2.388285007327795029e-03 1.098434999585151672e-02 5.607282519340515137e-01
7.386174798011779785e-02 -4.944565892219543457e-02 5.439862012863159180e-01
-1.552830636501312256e-02 1.806859858334064484e-02 4.870939254760742188e-01
6.233469769358634949e-02 -4.018013924360275269e-02 4.697850644588470459e-01
5.265327915549278259e-02 1.666684299707412720e-01 4.572470188140869141e-01
1.084541436284780502e-02 9.505386650562286377e-02 4.300870299339294434e-01
1.153766959905624390e-01 1.212407201528549194e-01 3.949469923973083496e-01
8.329305052757263184e-02 4.034408554434776306e-02 3.907510042190551758e-01
-2.663248218595981598e-02 2.100792340934276581e-02 4.138563275337219238e-01
5.248710140585899353e-02 -3.738046810030937195e-02 3.963719904422760010e-01
-2.912260293960571289e-01 6.582294702529907227e-01 3.868258595466613770e-01
-2.446809560060501099e-01 6.005988717079162598e-01 4.046990573406219482e-01
-2.313276827335357666e-01 6.857739090919494629e-01 3.119422495365142822e-01
-1.801190376281738281e-01 6.339641809463500977e-01 3.351228833198547363e-01
-3.192647695541381836e-01 6.054991483688354492e-01 3.377237915992736816e-01
-2.574717402458190918e-01 6.342924833297729492e-01 2.660720646381378174e-01
-2.451345473527908325e-01 8.205173015594482422e-01 4.683943688869476318e-01
-2.184939831495285034e-01 7.505853176116943359e-01 4.824831485748291016e-01
-1.975288093090057373e-01 8.393062353134155273e-01 3.841827213764190674e-01
-1.641826331615447998e-01 7.722257971763610840e-01 4.036545753479003906e-01
-2.917516529560089111e-01 7.738079428672790527e-01 4.223906397819519043e-01
-2.570010721683502197e-01 7.069610357284545898e-01 4.342722594738006592e-01
-2.394009381532669067e-01 7.933805584907531738e-01 3.402980566024780273e-01
-1.988895237445831299e-01 7.316659688949584961e-01 3.561272621154785156e-01
-3.327092826366424561e-01 7.222810983657836914e-01 3.757957816123962402e-01
-2.776731848716735840e-01 7.440857291221618652e-01 2.966940701007843018e-01
1.143160648643970490e-02 -7.054714113473892212e-02 3.676253855228424072e-01
8.382692188024520874e-02 -1.230476051568984985e-02 3.993981778621673584e-01
8.494862169027328491e-02 -1.288259327411651611e-01 3.055754601955413818e-01
1.492931991815567017e-01 -6.965699046850204468e-02 3.530004620552062988e-01
1.190772503614425659e-01 -1.167357116937637329e-01 2.405498623847961426e-01
1.831924617290496826e-01 -5.464459210634231567e-02 2.877170145511627197e-01
5.277213081717491150e-02 -1.423286795616149902e-01 3.702427148818969727e-01
1.174478083848953247e-01 -8.638262003660202026e-02 4.172860085964202881e-01
1.337842345237731934e-01 -1.876166462898254395e-01 3.127573728561401367e-01
1.917972564697265625e-01 -1.312537789344787598e-01 3.711209595203399658e-01
1.726403087377548218e-01 -1.689218282699584961e-01 2.516615688800811768e-01
2.303251624107360840e-01 -1.090765073895454407e-01 3.096282482147216797e-01
1.290402561426162720e-01 -4.247984290122985840e-01 4.681094288825988770e-01
1.838908791542053223e-01 -4.763427078723907471e-01 4.593095481395721436e-01
1.773614585399627686e-01 -3.831169009208679199e-01 5.430050492286682129e-01
2.258673161268234253e-01 -4.462750852108001709e-01 5.435424447059631348e-01
-1.977696418762207031e-01 5.446400642395019531e-01 4.264082908630371094e-01
-1.287978589534759521e-01 5.833419561386108398e-01 3.629085123538970947e-01
-3.645925223827362061e-01 6.669961810111999512e-01 3.279642760753631592e-01
-3.077706694602966309e-01 6.901268362998962402e-01 2.511055171489715576e-01
-2.113434076309204102e-01 6.486145853996276855e-01 4.515551328659057617e-01
-1.476859003305435181e-01 6.800771951675415039e-01 3.774619996547698975e-01
-3.282599747180938721e-01 8.372542262077331543e-01 4.125940203666687012e-01
-2.781071066856384277e-01 8.557484745979309082e-01 3.315210044384002686e-01
-3.721581697463989258e-01 7.855155467987060547e-01 3.672415018081665039e-01
-3.203772306442260742e-01 8.054835200309753418e-01 2.874765992164611816e-01
-2.751424312591552734e-01 8.852534294128417969e-01 4.577773511409759521e-01
-2.285512685775756836e-01 9.039517045021057129e-01 3.746821284294128418e-01
-2.033315300941467285e-01 9.259753227233886719e-01 4.965398907661437988e-01
-1.822387725114822388e-01 8.600142598152160645e-01 5.043237209320068359e-01
-1.628579050302505493e-01 9.402459859848022461e-01 4.093105196952819824e-01
-1.414670199155807495e-01 8.727849721908569336e-01 4.129053056240081787e-01
-1.601083278656005859e-01 7.876007556915283203e-01 5.132651925086975098e-01
-1.162398606538772583e-01 7.996023893356323242e-01 4.177401661872863770e-01
-1.159069910645484924e-01 9.568909406661987305e-01 5.280157327651977539e-01
-1.097455322742462158e-01 8.874583840370178223e-01 5.325956940650939941e-01
-8.517627418041229248e-02 9.674027562141418457e-01 4.366178512573242188e-01
-7.781014591455459595e-02 8.968704342842102051e-01 4.382592737674713135e-01
-9.931866824626922607e-02 8.125663399696350098e-01 5.369353890419006348e-01
-6.570492684841156006e-02 8.205463886260986328e-01 4.381101727485656738e-01
-1.733253300189971924e-01 6.916248202323913574e-01 4.983952045440673828e-01
-1.090021356940269470e-01 7.215903997421264648e-01 4.236147105693817139e-01
-2.456389181315898895e-02 9.684755206108093262e-01 5.470209121704101562e-01
-2.965723350644111633e-02 8.982666134834289551e-01 5.489398241043090820e-01
-2.940197708085179329e-03 9.732224345207214355e-01 4.515909850597381592e-01
-6.246880628168582916e-03 9.024140238761901855e-01 4.490531086921691895e-01
-3.116177767515182495e-02 8.244016170501708984e-01 5.533730387687683105e-01
-6.224099081009626389e-03 8.277198076248168945e-01 4.490740597248077393e-01
1.703539937734603882e-01 -7.395710945129394531e-01 4.765767753124237061e-01
2.194383442401885986e-01 -7.908933758735656738e-01 4.521549344062805176e-01
2.039044648408889771e-01 -7.494553923606872559e-01 5.704703330993652344e-01
2.463914006948471069e-01 -8.065037131309509277e-01 5.464972257614135742e-01
2.170007675886154175e-01 -6.828505992889404297e-01 4.663907885551452637e-01
2.688884139060974121e-01 -7.329860925674438477e-01 4.454883038997650146e-01
2.490729987621307373e-01 -6.870358586311340332e-01 5.604095458984375000e-01
2.957551181316375732e-01 -7.419013977050781250e-01 5.404812693595886230e-01
2.640391290187835693e-01 -8.444654345512390137e-01 4.313322603702545166e-01
2.893160283565521240e-01 -8.593366742134094238e-01 5.250699520111083984e-01
3.173014819622039795e-01 -7.864074110984802246e-01 4.265524148941040039e-01
3.420989811420440674e-01 -7.961022257804870605e-01 5.222992897033691406e-01
2.636989653110504150e-01 -6.253079175949096680e-01 4.568731188774108887e-01
3.179563283920288086e-01 -6.751116514205932617e-01 4.370627105236053467e-01
2.935642898082733154e-01 -6.243875622749328613e-01 5.496447086334228516e-01
3.429149091243743896e-01 -6.799216270446777344e-01 5.328266024589538574e-01
3.673521578311920166e-01 -7.310791015625000000e-01 4.187372028827667236e-01
3.904262185096740723e-01 -7.362887263298034668e-01 5.165284872055053711e-01
2.894513905048370361e-01 8.368080258369445801e-01 5.591085553169250488e-01
2.540855407714843750e-01 7.733147144317626953e-01 5.468367338180541992e-01
2.972960770130157471e-01 8.525910377502441406e-01 4.599952399730682373e-01
2.635190486907958984e-01 7.866544723510742188e-01 4.472308158874511719e-01
2.269065082073211670e-01 8.910536170005798340e-01 5.602662563323974609e-01
1.960098743438720703e-01 8.281607627868652344e-01 5.515792965888977051e-01
2.346634268760681152e-01 9.029334783554077148e-01 4.613872170448303223e-01
2.050715237855911255e-01 8.386960625648498535e-01 4.500457048416137695e-01
3.542059659957885742e-01 6.541035771369934082e-01 5.421618819236755371e-01
3.659180700778961182e-01 6.716617345809936523e-01 4.442457854747772217e-01
3.093316555023193359e-01 7.192140817642211914e-01 5.442764759063720703e-01
3.192043006420135498e-01 7.336200475692749023e-01 4.456602334976196289e-01
2.133617401123046875e-01 7.136025428771972656e-01 5.349201560020446777e-01
2.235737591981887817e-01 7.249442338943481445e-01 4.340969622135162354e-01
1.577246785163879395e-01 6.657977700233459473e-01 5.222686529159545898e-01
1.701436787843704224e-01 6.738859415054321289e-01 4.215012192726135254e-01
1.631110012531280518e-01 7.649503946304321289e-01 5.413536429405212402e-01
1.699950248003005981e-01 7.761808633804321289e-01 4.371332228183746338e-01
3.461486995220184326e-01 5.323284268379211426e-01 5.352994203567504883e-01
2.863983809947967529e-01 4.873529076576232910e-01 5.219871401786804199e-01
3.628249764442443848e-01 5.425029397010803223e-01 4.381709694862365723e-01
3.076249063014984131e-01 4.925580322742462158e-01 4.250684082508087158e-01
3.455645442008972168e-01 7.837469577789306641e-01 5.572428107261657715e-01
3.536185920238494873e-01 8.026164174079895020e-01 4.577188789844512939e-01
1.070091128349304199e-01 7.194189429283142090e-01 5.266117453575134277e-01
1.161627247929573059e-01 7.260011434555053711e-01 4.250439107418060303e-01
2.251880019903182983e-01 4.442283213138580322e-01 5.065133571624755859e-01
2.529427707195281982e-01 4.397147297859191895e-01 4.116536974906921387e-01
-2.355365604162216187e-01 -6.862691640853881836e-01 4.522865712642669678e-01
-2.802924513816833496e-01 -7.487599253654479980e-01 4.560170769691467285e-01
-2.231911420822143555e-01 -6.838159561157226562e-01 5.519287586212158203e-01
-2.738951742649078369e-01 -7.449843287467956543e-01 5.543916225433349609e-01
-1.836835592985153198e-01 -7.404269576072692871e-01 4.496303498744964600e-01
-2.261521816253662109e-01 -8.042098283767700195e-01 4.504951238632202148e-01
-1.802670508623123169e-01 -7.423628568649291992e-01 5.505135655403137207e-01
-2.258002012968063354e-01 -8.054655790328979492e-01 5.496742725372314453e-01
-1.321015655994415283e-01 -7.922228574752807617e-01 4.515852034091949463e-01
-1.697990149259567261e-01 -8.588500618934631348e-01 4.481729269027709961e-01
-1.347115933895111084e-01 -7.983370423316955566e-01 5.529289841651916504e-01
-1.747926026582717896e-01 -8.648766875267028809e-01 5.458818078041076660e-01
-2.643609941005706787e-01 -8.690550327301025391e-01 4.480818212032318115e-01
-2.659781575202941895e-01 -8.698422312736511230e-01 5.464801192283630371e-01
-1.996451318264007568e-01 -9.265007972717285156e-01 4.421927332878112793e-01
-2.052931189537048340e-01 -9.309284090995788574e-01 5.388733148574829102e-01
3.301551342010498047e-01 4.273386299610137939e-01 5.320371985435485840e-01
2.665575742721557617e-01 3.864006400108337402e-01 5.234737396240234375e-01
3.504664003849029541e-01 4.307669699192047119e-01 4.350106716156005859e-01
2.945644557476043701e-01 3.773085474967956543e-01 4.293295145034790039e-01
2.049786001443862915e-01 3.411063253879547119e-01 5.115005970001220703e-01
2.426711916923522949e-01 3.225054442882537842e-01 4.217112362384796143e-01
1.651668548583984375e-01 3.980987668037414551e-01 4.862957298755645752e-01
2.026267647743225098e-01 3.809564411640167236e-01 3.956097066402435303e-01
1.273284852504730225e-01 4.622254073619842529e-01 4.754860401153564453e-01
1.638171225786209106e-01 4.507970213890075684e-01 3.804957866668701172e-01
3.904421925544738770e-01 4.712571203708648682e-01 5.426861047744750977e-01
4.064068794250488281e-01 4.806236922740936279e-01 4.450991153717041016e-01
-2.527512013912200928e-01 -4.027633965015411377e-01 4.704978466033935547e-01
-3.079912960529327393e-01 -4.540416896343231201e-01 4.847081303596496582e-01
-2.056901305913925171e-01 -4.080919325351715088e-01 5.591667294502258301e-01
-2.720288634300231934e-01 -4.499640166759490967e-01 5.780634284019470215e-01
-2.131129056215286255e-01 -4.614259600639343262e-01 4.456175565719604492e-01
-2.661321759223937988e-01 -5.132274031639099121e-01 4.666414856910705566e-01
-1.699858754873275757e-01 -4.652462303638458252e-01 5.349425673484802246e-01
-2.308698594570159912e-01 -5.080058574676513672e-01 5.597981214523315430e-01
-1.662184000015258789e-01 -4.045701622962951660e-01 4.202175140380859375e-01
-1.140898019075393677e-01 -4.202760756015777588e-01 5.032377243041992188e-01
-1.255955100059509277e-01 -4.715391993522644043e-01 4.029254019260406494e-01
-1.735117435455322266e-01 -5.254115462303161621e-01 4.315198659896850586e-01
-8.244429528713226318e-02 -4.875269234180450439e-01 4.903246462345123291e-01
-1.376252025365829468e-01 -5.308469533920288086e-01 5.233854651451110840e-01
-2.264756560325622559e-01 -5.754274725914001465e-01 4.512252807617187500e-01
-1.976297348737716675e-01 -5.734424591064453125e-01 5.466757416725158691e-01
-1.275980919599533081e-01 -5.871277451515197754e-01 4.214909374713897705e-01
-1.805085688829421997e-01 -6.358139514923095703e-01 4.418132305145263672e-01
-1.017549186944961548e-01 -5.964615941047668457e-01 5.175482630729675293e-01
-1.629964709281921387e-01 -6.367296576499938965e-01 5.412141084671020508e-01
-3.209802210330963135e-01 -8.154033422470092773e-01 4.532071352005004883e-01
-3.185933828353881836e-01 -8.112163543701171875e-01 5.513783693313598633e-01
-6.154898181557655334e-02 -3.778685629367828369e-02 5.559803247451782227e-01
1.704353652894496918e-02 -9.815011918544769287e-02 5.667126774787902832e-01
-6.146094948053359985e-02 -4.421983659267425537e-02 4.800518751144409180e-01
1.848593540489673615e-02 -1.022017672657966614e-01 4.889261722564697266e-01
-1.214698255062103271e-01 -8.552439510822296143e-02 5.459398627281188965e-01
-5.013094842433929443e-02 -1.403826922178268433e-01 5.803731083869934082e-01
-1.046557724475860596e-01 -1.094303503632545471e-01 4.765677750110626221e-01
-2.865441143512725830e-02 -1.625760346651077271e-01 5.103961825370788574e-01
3.130625188350677490e-01 3.342025279998779297e-01 5.528263449668884277e-01
2.499093562364578247e-01 2.911941707134246826e-01 5.439695715904235840e-01
3.391916453838348389e-01 3.230536580085754395e-01 4.586485028266906738e-01
2.865228652954101562e-01 2.692604660987854004e-01 4.546275138854980469e-01
1.915734112262725830e-01 2.436400949954986572e-01 5.357255339622497559e-01
2.366939932107925415e-01 2.129377424716949463e-01 4.524521827697753906e-01
1.495209932327270508e-01 2.898890972137451172e-01 4.962819516658782959e-01
1.946464926004409790e-01 2.614927291870117188e-01 4.121620655059814453e-01
1.109355837106704712e-01 3.424726724624633789e-01 4.633911848068237305e-01
1.580245494842529297e-01 3.181944787502288818e-01 3.786201179027557373e-01
-1.932574659585952759e-01 -2.373689860105514526e-01 4.842043220996856689e-01
-2.405229806900024414e-01 -2.957639098167419434e-01 4.945774376392364502e-01
-1.296356320381164551e-01 -2.696827650070190430e-01 5.558399558067321777e-01
-1.840762645006179810e-01 -3.187355697154998779e-01 5.763108730316162109e-01
-1.604027599096298218e-01 -2.841968834400177002e-01 4.356755316257476807e-01
-2.032177001237869263e-01 -3.471616506576538086e-01 4.528014659881591797e-01
-9.606907516717910767e-02 -3.110545277595520020e-01 5.063259601593017578e-01
-1.477698981761932373e-01 -3.631698489189147949e-01 5.340273976325988770e-01
-1.289721578359603882e-01 -3.396903574466705322e-01 3.932141065597534180e-01
-6.773159652948379517e-02 -3.665430843830108643e-01 4.666327238082885742e-01
-3.625062704086303711e-01 -5.044673681259155273e-01 5.023035407066345215e-01
-3.292482793331146240e-01 -4.964290857315063477e-01 5.978410243988037109e-01
-3.200740516185760498e-01 -5.638412833213806152e-01 4.841028451919555664e-01
-2.881320714950561523e-01 -5.543345212936401367e-01 5.795189738273620605e-01
-2.805026769638061523e-01 -6.269809007644653320e-01 4.638844430446624756e-01
-2.611940503120422363e-01 -6.193674206733703613e-01 5.609660744667053223e-01
1.774229556322097778e-01 1.514113247394561768e-01 5.757248401641845703e-01
2.302458137273788452e-01 1.137868314981460571e-01 5.009341835975646973e-01
1.368470788002014160e-01 1.915921270847320557e-01 5.260698199272155762e-01
1.893700808286666870e-01 1.542190611362457275e-01 4.505270421504974365e-01
9.796857833862304688e-02 2.327759116888046265e-01 4.781230092048645020e-01
1.501850038766860962e-01 1.948914527893066406e-01 4.021008312702178955e-01
-5.990811064839363098e-02 -5.563231930136680603e-02 4.081704318523406982e-01
-9.014696627855300903e-02 -1.358144879341125488e-01 4.109421968460083008e-01
2.187491208314895630e-02 -1.119194477796554565e-01 4.166004359722137451e-01
-1.234211586415767670e-02 -1.859230548143386841e-01 4.437896013259887695e-01
6.017821654677391052e-02 2.868987917900085449e-01 4.433438479900360107e-01
1.150330156087875366e-01 2.567730247974395752e-01 3.635880649089813232e-01
2.952292561531066895e-01 2.470064461231231689e-01 5.847984552383422852e-01
2.354282140731811523e-01 1.992442607879638672e-01 5.787978768348693848e-01
3.317663073539733887e-01 2.237555682659149170e-01 4.961439669132232666e-01
2.811486721038818359e-01 1.686851382255554199e-01 4.962112605571746826e-01
-1.748256236314773560e-01 -1.409513503313064575e-01 5.354275703430175781e-01
-2.267272323369979858e-01 -1.954514235258102417e-01 5.366095304489135742e-01
-1.079570204019546509e-01 -1.870983988046646118e-01 5.942544937133789062e-01
-1.663277298212051392e-01 -2.326818108558654785e-01 6.093218922615051270e-01
-1.475438773632049561e-01 -1.762869507074356079e-01 4.744427800178527832e-01
-7.803709059953689575e-02 -2.175808846950531006e-01 5.329825282096862793e-01
-1.194627806544303894e-01 -2.192316949367523193e-01 4.185492694377899170e-01
-4.941634461283683777e-02 -2.555507719516754150e-01 4.782102704048156738e-01
-9.053343534469604492e-02 -2.744125425815582275e-01 3.719184696674346924e-01
-2.358776330947875977e-02 -3.104432523250579834e-01 4.349746406078338623e-01
1.597523093223571777e-01 -6.368611454963684082e-01 4.888283014297485352e-01
1.999324858188629150e-01 -6.331303119659423828e-01 5.793942213058471680e-01
2.046433091163635254e-01 -5.795090198516845703e-01 4.752044677734375000e-01
2.420257329940795898e-01 -5.687042474746704102e-01 5.646309256553649902e-01
-2.758565843105316162e-01 -2.515683770179748535e-01 5.431737899780273438e-01
-2.207258492708206177e-01 -2.809309065341949463e-01 6.268271803855895996e-01
-2.914341092109680176e-01 -3.504310548305511475e-01 5.074050426483154297e-01
-2.427894622087478638e-01 -3.630278706550598145e-01 6.001926660537719727e-01
-7.693358510732650757e-02 -8.310099244117736816e-01 4.684063494205474854e-01
-1.070700958371162415e-01 -9.021791219711303711e-01 4.536197185516357422e-01
-8.361796289682388306e-02 -8.470675349235534668e-01 5.687507987022399902e-01
-1.128188967704772949e-01 -9.160050153732299805e-01 5.516862869262695312e-01
-4.008540511131286621e-02 -8.690072894096374512e-01 4.747058451175689697e-01
-3.671361878514289856e-02 -9.384301304817199707e-01 4.573954939842224121e-01
-3.291982412338256836e-02 -8.887078166007995605e-01 5.841925144195556641e-01
-3.641137108206748962e-02 -9.584329724311828613e-01 5.546097159385681152e-01
-1.238750368356704712e-01 -9.694179296493530273e-01 4.418278038501739502e-01
-1.311804801225662231e-01 -9.830397963523864746e-01 5.343335270881652832e-01
-2.773594297468662262e-02 -1.004152297973632812e+00 4.387583732604980469e-01
-2.974481135606765747e-02 -1.023037433624267578e+00 5.298052430152893066e-01
-1.272091269493103027e-01 -6.907162070274353027e-01 4.446817040443420410e-01
-1.209047362208366394e-01 -6.958175897598266602e-01 5.448244214057922363e-01
-3.279621899127960205e-01 -6.899995207786560059e-01 4.681063592433929443e-01
-3.144123554229736328e-01 -6.808753609657287598e-01 5.654154419898986816e-01
-7.392898201942443848e-02 -7.430231571197509766e-01 4.472323656082153320e-01
-7.309442758560180664e-02 -7.522944211959838867e-01 5.489134788513183594e-01
2.336361072957515717e-02 -8.623035550117492676e-01 4.858233034610748291e-01
4.015132039785385132e-02 -9.276190996170043945e-01 4.603452682495117188e-01
3.629824891686439514e-02 -8.917992711067199707e-01 5.874724388122558594e-01
4.878794401884078979e-02 -9.559540152549743652e-01 5.551850795745849609e-01
5.958000570535659790e-02 -9.896701574325561523e-01 4.388056099414825439e-01
6.815045326948165894e-02 -1.016825556755065918e+00 5.264027118682861328e-01
7.357173413038253784e-02 -8.322567939758300781e-01 4.859207868576049805e-01
1.076340824365615845e-01 -8.941946625709533691e-01 4.603095650672912598e-01
9.901505708694458008e-02 -8.585206270217895508e-01 5.832089781761169434e-01
1.280358433723449707e-01 -9.197888970375061035e-01 5.528721809387207031e-01
1.420445144176483154e-01 -9.525502920150756836e-01 4.368731379508972168e-01
1.601353734731674194e-01 -9.760754704475402832e-01 5.271051526069641113e-01
1.253245174884796143e-01 -7.885919213294982910e-01 4.827720224857330322e-01
1.669511944055557251e-01 -8.459383249282836914e-01 4.572596848011016846e-01
1.558919847011566162e-01 -8.099758625030517578e-01 5.778367519378662109e-01
1.926376968622207642e-01 -8.683536052703857422e-01 5.507751107215881348e-01
2.062089592218399048e-01 -9.021462798118591309e-01 4.341073334217071533e-01
2.307538539171218872e-01 -9.231345653533935547e-01 5.261024832725524902e-01
1.146555915474891663e-01 -6.962296962738037109e-01 5.033658146858215332e-01
1.568454951047897339e-01 -6.940818428993225098e-01 5.929041504859924316e-01
2.454093247652053833e-01 -5.217496752738952637e-01 4.508909583091735840e-01
3.054755032062530518e-01 -5.669721364974975586e-01 4.389124810695648193e-01
2.793499827384948730e-01 -5.024330615997314453e-01 5.400987267494201660e-01
3.335156738758087158e-01 -5.595660209655761719e-01 5.327951312065124512e-01
3.625457882881164551e-01 -6.163955926895141602e-01 4.231599271297454834e-01
3.846157789230346680e-01 -6.137166619300842285e-01 5.215951204299926758e-01
2.813029587268829346e-01 -4.695952832698822021e-01 4.133329093456268311e-01
3.144911229610443115e-01 -4.421164095401763916e-01 5.043270587921142578e-01
3.215073645114898682e-01 -4.186911880970001221e-01 3.769701719284057617e-01
3.534623980522155762e-01 -3.883626759052276611e-01 4.682771861553192139e-01
3.425454199314117432e-01 -5.129690170288085938e-01 4.063284695148468018e-01
3.705139160156250000e-01 -4.915959537029266357e-01 5.013807415962219238e-01
1.859212964773178101e-01 -2.431057542562484741e-01 3.177709579467773438e-01
2.394513189792633057e-01 -2.959762513637542725e-01 3.233445882797241211e-01
2.386268228292465210e-01 -1.893975883722305298e-01 3.842225372791290283e-01
2.866080403327941895e-01 -2.456913590431213379e-01 3.976463973522186279e-01
2.982760965824127197e-01 -3.430058658123016357e-01 3.252570033073425293e-01
3.384584784507751465e-01 -2.989552319049835205e-01 4.072499275207519531e-01
1.464842855930328369e-01 -5.346589684486389160e-01 4.912558197975158691e-01
1.916133463382720947e-01 -5.084372758865356445e-01 5.739272236824035645e-01
6.428938359022140503e-02 -2.526258230209350586e-01 4.297225475311279297e-01
1.212353482842445374e-01 -1.971985995769500732e-01 4.882777333259582520e-01
9.627526253461837769e-02 -2.091668993234634399e-01 3.731886744499206543e-01
1.547960937023162842e-01 -1.574074923992156982e-01 4.315240383148193359e-01
3.840874433517456055e-01 -4.600660204887390137e-01 3.736987411975860596e-01
4.108622074127197266e-01 -4.364690184593200684e-01 4.683648943901062012e-01
2.273832410573959351e-01 -2.185365259647369385e-01 2.606133818626403809e-01
2.796279191970825195e-01 -1.624460220336914062e-01 3.268783688545227051e-01
2.816360890865325928e-01 -2.703972756862640381e-01 2.678849101066589355e-01
3.284575939178466797e-01 -2.176196426153182983e-01 3.408246636390686035e-01
