-1.375968307256698608e-01 1.665081083774566650e-01 3.438591957092285156e-01
-1.024230271577835083e-01 9.490735083818435669e-02 3.589064478874206543e-01
-6.061971187591552734e-02 2.164294570684432983e-01 3.054441809654235840e-01
-2.300734072923660278e-02 1.496066749095916748e-01 3.407699763774871826e-01
-1.495871543884277344e-01 1.312197595834732056e-01 2.782370150089263916e-01
-1.049677655100822449e-01 6.996426731348037720e-02 2.891844809055328369e-01
-7.223699241876602173e-02 1.826451122760772705e-01 2.418811172246932983e-01
-2.543585374951362610e-02 1.269442886114120483e-01 2.704572677612304688e-01
-1.585558652877807617e-01 9.937492758035659790e-02 2.110511958599090576e-01
-1.052510365843772888e-01 4.581277072429656982e-02 2.186141759157180786e-01
-8.055170625448226929e-02 1.521831601858139038e-01 1.744161397218704224e-01
-2.532081678509712219e-02 1.046530380845069885e-01 1.992737054824829102e-01
-6.035195663571357727e-02 8.572212420403957367e-03 3.006811738014221191e-01
1.852820813655853271e-02 6.884381175041198730e-02 2.969542741775512695e-01
-5.181843414902687073e-02 -8.017461746931076050e-03 2.287160307168960571e-01
2.716425433754920959e-02 5.464861541986465454e-02 2.245414704084396362e-01
-1.802092939615249634e-01 2.273093014955520630e-01 3.250279426574707031e-01
-1.052158623933792114e-01 2.737852931022644043e-01 2.778893709182739258e-01
-1.966290175914764404e-01 1.882619559764862061e-01 2.627137005329132080e-01
-1.217785850167274475e-01 2.353980839252471924e-01 2.169641703367233276e-01
-2.100985199213027954e-01 1.529284119606018066e-01 1.975221633911132812e-01
-1.340950727462768555e-01 2.011068165302276611e-01 1.521246433258056641e-01
-6.693910807371139526e-02 2.549147605895996094e-02 3.727185130119323730e-01
1.262957695871591568e-02 8.312936872243881226e-02 3.691065013408660889e-01
-3.121205605566501617e-02 -4.755586013197898865e-02 3.821455538272857666e-01
4.531467333436012268e-02 1.250155363231897354e-02 3.974762558937072754e-01
-1.526395138353109360e-02 -5.372698977589607239e-02 3.102339804172515869e-01
6.050300970673561096e-02 8.707755245268344879e-03 3.256869316101074219e-01
2.983911195769906044e-03 -6.035853549838066101e-02 2.384494841098785400e-01
7.875230163335800171e-02 4.827885888516902924e-03 2.531173825263977051e-01
3.162613511085510254e-02 -1.141749918460845947e-01 3.189003169536590576e-01
1.035338565707206726e-01 -5.178017914295196533e-02 3.475359678268432617e-01
5.734819918870925903e-02 -1.129104569554328918e-01 2.492005825042724609e-01
1.287693530321121216e-01 -4.747456312179565430e-02 2.776266038417816162e-01
9.069918096065521240e-02 9.627901315689086914e-01 5.436021089553833008e-01
8.000093698501586914e-02 8.947660923004150391e-01 5.372719764709472656e-01
8.571002632379531860e-02 9.760608673095703125e-01 4.444963634014129639e-01
7.465133816003799438e-02 9.076527357101440430e-01 4.344007372856140137e-01
-4.444976337254047394e-03 9.677039980888366699e-01 5.519204139709472656e-01
-2.266648691147565842e-03 8.981608152389526367e-01 5.504845380783081055e-01
1.201275445055216551e-04 9.803678989410400391e-01 4.554265439510345459e-01
2.109286142513155937e-03 9.116069674491882324e-01 4.485753774642944336e-01
6.791646778583526611e-02 8.234817385673522949e-01 5.310869812965393066e-01
6.089971959590911865e-02 8.335352540016174316e-01 4.247879683971405029e-01
2.443938050419092178e-03 8.240781426429748535e-01 5.494181513786315918e-01
4.635293968021869659e-03 8.369901776313781738e-01 4.418329894542694092e-01
3.072956204414367676e-01 6.703203916549682617e-01 4.786047637462615967e-01
2.561922371387481689e-01 6.125781536102294922e-01 4.732652604579925537e-01
3.044755160808563232e-01 6.806573867797851562e-01 3.805296123027801514e-01
2.582035958766937256e-01 6.197783946990966797e-01 3.740006685256958008e-01
2.528218030929565430e-01 7.227477431297302246e-01 4.878517091274261475e-01
2.057718485593795776e-01 6.641781330108642578e-01 4.799076318740844727e-01
2.484832406044006348e-01 7.355712056159973145e-01 3.885862529277801514e-01
2.047579884529113770e-01 6.737530231475830078e-01 3.800308108329772949e-01
2.016212195158004761e-01 5.589995384216308594e-01 4.646100997924804688e-01
2.117234617471694946e-01 5.595127940177917480e-01 3.651385903358459473e-01
1.499129533767700195e-01 6.118040680885314941e-01 4.698342084884643555e-01
1.579918116331100464e-01 6.154742836952209473e-01 3.685337901115417480e-01
-2.524508237838745117e-01 3.897691071033477783e-01 3.434050977230072021e-01
-2.050188928842544556e-01 3.332874476909637451e-01 3.630274832248687744e-01
-1.866843849420547485e-01 4.280717372894287109e-01 2.787263095378875732e-01
-1.353325992822647095e-01 3.760998249053955078e-01 3.064070343971252441e-01
-2.740337550640106201e-01 3.405031561851501465e-01 2.894097864627838135e-01
-2.245699316263198853e-01 2.860921025276184082e-01 3.068329691886901855e-01
-2.056469917297363281e-01 3.789496123790740967e-01 2.274952679872512817e-01
-1.521169692277908325e-01 3.295181393623352051e-01 2.523118257522583008e-01
-1.635360419750213623e-01 2.708559334278106689e-01 3.833408653736114502e-01
-8.933997899293899536e-02 3.168907761573791504e-01 3.367094099521636963e-01
-2.939721345901489258e-01 2.977494299411773682e-01 2.298427373170852661e-01
-2.439835816621780396e-01 2.445896565914154053e-01 2.467962950468063354e-01
-2.239457517862319946e-01 3.365854620933532715e-01 1.698056459426879883e-01
-1.711741387844085693e-01 2.881318926811218262e-01 1.938020288944244385e-01
-2.293799519538879395e-01 4.417907595634460449e-01 3.927436769008636475e-01
-1.819714307785034180e-01 3.850890100002288818e-01 4.125385582447052002e-01
-1.668407022953033447e-01 4.820909202098846436e-01 3.262412548065185547e-01
-1.160512939095497131e-01 4.299826622009277344e-01 3.527553677558898926e-01
-3.041417300701141357e-01 4.410046637058258057e-01 3.242086172103881836e-01
-2.412000298500061035e-01 4.755569994449615479e-01 2.543851137161254883e-01
-3.275652825832366943e-01 3.900189399719238281e-01 2.733852267265319824e-01
-2.627291679382324219e-01 4.243147969245910645e-01 2.048155963420867920e-01
1.089142113924026489e-01 -3.516022562980651855e-01 4.484937787055969238e-01
1.587550640106201172e-01 -4.117841124534606934e-01 4.440048635005950928e-01
1.649842113256454468e-01 -3.031613528728485107e-01 5.138729214668273926e-01
2.082715332508087158e-01 -3.734671771526336670e-01 5.194295644760131836e-01
1.430813819169998169e-01 -3.139656782150268555e-01 3.939602375030517578e-01
1.956710070371627808e-01 -3.713538348674774170e-01 3.948300778865814209e-01
1.982829421758651733e-01 -2.641486525535583496e-01 4.592928290367126465e-01
2.444764822721481323e-01 -3.262327313423156738e-01 4.693825840950012207e-01
2.141947895288467407e-01 -4.649377167224884033e-01 4.367009997367858887e-01
2.566045224666595459e-01 -4.353039562702178955e-01 5.210390090942382812e-01
2.531043589115142822e-01 -4.211039245128631592e-01 3.935452699661254883e-01
2.948938012123107910e-01 -3.831455409526824951e-01 4.774545729160308838e-01
-1.217392310500144958e-01 2.096412926912307739e-01 4.034171700477600098e-01
-4.516675323247909546e-02 2.598984241485595703e-01 3.625349700450897217e-01
-2.807327508926391602e-01 4.938571751117706299e-01 3.727002143859863281e-01
-2.213610261678695679e-01 5.300872921943664551e-01 3.011770546436309814e-01
-3.568945825099945068e-01 4.910728931427001953e-01 3.043842613697052002e-01
-2.966645061969757080e-01 5.218430161476135254e-01 2.318992167711257935e-01
-3.807476758956909180e-01 4.392164647579193115e-01 2.534759044647216797e-01
-3.182302117347717285e-01 4.700654149055480957e-01 1.821433603763580322e-01
-2.591758370399475098e-01 2.078479379415512085e-01 1.815086454153060913e-01
-1.853996515274047852e-01 2.519502341747283936e-01 1.302523165941238403e-01
2.024845331907272339e-01 1.538023948669433594e-01 5.486893653869628906e-01
1.458876430988311768e-01 1.022348999977111816e-01 5.510842800140380859e-01
2.535384297370910645e-01 1.106237545609474182e-01 4.760496020317077637e-01
2.098465263843536377e-01 4.872582852840423584e-02 5.008949637413024902e-01
1.547202765941619873e-01 1.839123219251632690e-01 5.001907944679260254e-01
1.068873256444931030e-01 1.225972771644592285e-01 4.919063448905944824e-01
2.070306241512298584e-01 1.416103839874267578e-01 4.248911738395690918e-01
1.724132299423217773e-01 7.073085755109786987e-02 4.388003945350646973e-01
8.847419172525405884e-02 5.113112926483154297e-02 5.587036609649658203e-01
1.609144210815429688e-01 -8.032183162868022919e-03 5.267277956008911133e-01
6.164319813251495361e-02 5.961331352591514587e-02 4.891194999217987061e-01
1.360579580068588257e-01 2.939986065030097961e-03 4.571235179901123047e-01
1.094717979431152344e-01 2.108934223651885986e-01 4.487841725349426270e-01
7.035095244646072388e-02 1.386507749557495117e-01 4.298792183399200439e-01
1.625800132751464844e-01 1.700116395950317383e-01 3.748393058776855469e-01
1.370670497417449951e-01 8.703643083572387695e-02 3.766014277935028076e-01
3.617051616311073303e-02 6.501045823097229004e-02 4.191037714481353760e-01
1.122185662388801575e-01 7.949872873723506927e-03 3.860371708869934082e-01
-3.057589232921600342e-01 6.002475619316101074e-01 4.027431905269622803e-01
-2.528975009918212891e-01 5.485165715217590332e-01 4.182059168815612793e-01
-2.547218203544616699e-01 6.320201754570007324e-01 3.229580223560333252e-01
-1.977311223745346069e-01 5.850524306297302246e-01 3.427623808383941650e-01
-3.341917097568511963e-01 5.454111695289611816e-01 3.569909930229187012e-01
-2.792667746543884277e-01 5.766912102699279785e-01 2.804264426231384277e-01
-2.795651853084564209e-01 7.651774883270263672e-01 4.796239435672760010e-01
-2.356944531202316284e-01 7.033400535583496094e-01 4.880116581916809082e-01
-2.422142028808593750e-01 7.910167574882507324e-01 3.922969400882720947e-01
-1.908833533525466919e-01 7.319529652595520020e-01 4.045368731021881104e-01
-3.196893632411956787e-01 7.118875980377197266e-01 4.366905987262725830e-01
-2.722302079200744629e-01 6.535319089889526367e-01 4.452853202819824219e-01
-2.762840390205383301e-01 7.379763126373291016e-01 3.512052297592163086e-01
-2.238273024559020996e-01 6.840096712112426758e-01 3.622869849205017090e-01
-3.564331233501434326e-01 6.563636064529418945e-01 3.934672474861145020e-01
-3.092525005340576172e-01 6.833069324493408203e-01 3.104446828365325928e-01
8.127206936478614807e-03 -1.159386560320854187e-01 3.890100419521331787e-01
8.128000050783157349e-02 -5.649635940790176392e-02 4.175179898738861084e-01
8.055337518453598022e-02 -1.743474155664443970e-01 3.255487680435180664e-01
1.457022428512573242e-01 -1.138874590396881104e-01 3.706414401531219482e-01
1.132061481475830078e-01 -1.632123589515686035e-01 2.594703137874603271e-01
1.778557449579238892e-01 -9.960372000932693481e-02 3.042623400688171387e-01
4.974165931344032288e-02 -1.866151243448257446e-01 3.913496136665344238e-01
1.157982200384140015e-01 -1.299178600311279297e-01 4.360930621623992920e-01
1.301345080137252808e-01 -2.321205884218215942e-01 3.321809172630310059e-01
1.890120208263397217e-01 -1.747347265481948853e-01 3.890663385391235352e-01
1.679390817880630493e-01 -2.141154855489730835e-01 2.702288925647735596e-01
2.261141538619995117e-01 -1.529621332883834839e-01 3.265550732612609863e-01
1.221096739172935486e-01 -4.648085236549377441e-01 4.861388206481933594e-01
1.745008528232574463e-01 -5.174396038055419922e-01 4.723560214042663574e-01
1.758826076984405518e-01 -4.290941059589385986e-01 5.607914924621582031e-01
2.214569002389907837e-01 -4.945815503597259521e-01 5.567303299903869629e-01
-2.015803903341293335e-01 4.959772527217864990e-01 4.376088678836822510e-01
-1.419046670198440552e-01 5.374198555946350098e-01 3.676342070102691650e-01
-3.867361247539520264e-01 5.996041297912597656e-01 3.483369648456573486e-01
-3.361700773239135742e-01 6.259128451347351074e-01 2.676796615123748779e-01
-2.189492285251617432e-01 6.017367243766784668e-01 4.594701230525970459e-01
-1.667291671037673950e-01 6.379013061523437500e-01 3.793293535709381104e-01
-3.685683310031890869e-01 7.671655416488647461e-01 4.290465712547302246e-01
-3.272131681442260742e-01 7.920563817024230957e-01 3.443660736083984375e-01
-4.068419039249420166e-01 7.110245227813720703e-01 3.868142068386077881e-01
-3.626725971698760986e-01 7.360300421714782715e-01 3.031988739967346191e-01
-3.234051167964935303e-01 8.224753737449645996e-01 4.717934131622314453e-01
-2.867131829261779785e-01 8.483797907829284668e-01 3.857565224170684814e-01
-2.613484859466552734e-01 8.767185807228088379e-01 5.084183216094970703e-01
-2.255765944719314575e-01 8.167957663536071777e-01 5.125942826271057129e-01
-2.319313585758209229e-01 9.016123414039611816e-01 4.194705784320831299e-01
-1.966397017240524292e-01 8.404418826103210449e-01 4.191906154155731201e-01
-1.874092817306518555e-01 7.506362199783325195e-01 5.175818204879760742e-01
-1.562805920839309692e-01 7.739551663398742676e-01 4.203801751136779785e-01
-1.811227053403854370e-01 9.249922037124633789e-01 5.361515283584594727e-01
-1.582336574792861938e-01 8.590322136878967285e-01 5.360694527626037598e-01
-1.611322313547134399e-01 9.440259337425231934e-01 4.434334337711334229e-01
-1.371247470378875732e-01 8.774045705795288086e-01 4.390911459922790527e-01
-1.319994926452636719e-01 7.883864045143127441e-01 5.380024909973144531e-01
-1.105414479970932007e-01 8.062798380851745605e-01 4.365715086460113525e-01
-1.819995492696762085e-01 6.513528227806091309e-01 5.007592439651489258e-01
-1.304863393306732178e-01 6.873840093612670898e-01 4.197292029857635498e-01
-9.401543438434600830e-02 9.555712938308715820e-01 5.524467229843139648e-01
-8.230151981115341187e-02 8.862087130546569824e-01 5.497522950172424316e-01
-8.272776752710342407e-02 9.701980948448181152e-01 4.568215608596801758e-01
-6.936991959810256958e-02 9.003695845603942871e-01 4.495395720005035400e-01
-6.637629866600036621e-02 8.141049742698669434e-01 5.495525002479553223e-01
-5.291482061147689819e-02 8.273118734359741211e-01 4.435394704341888428e-01
1.498715877532958984e-01 -7.775202989578247070e-01 4.790295958518981934e-01
1.941693574190139771e-01 -8.311738967895507812e-01 4.515446126461029053e-01
1.871970593929290771e-01 -7.936959862709045410e-01 5.719298720359802246e-01
2.229410111904144287e-01 -8.537381291389465332e-01 5.441740155220031738e-01
1.987136155366897583e-01 -7.243620753288269043e-01 4.670420885086059570e-01
2.464586794376373291e-01 -7.770358324050903320e-01 4.429331719875335693e-01
2.344946414232254028e-01 -7.341716289520263672e-01 5.598964095115661621e-01
2.766265869140625000e-01 -7.913098335266113281e-01 5.364236831665039062e-01
2.319666296243667603e-01 -8.878116607666015625e-01 4.267998039722442627e-01
2.587226927280426025e-01 -9.092693328857421875e-01 5.185838341712951660e-01
2.894668579101562500e-01 -8.336106538772583008e-01 4.205355048179626465e-01
3.170199692249298096e-01 -8.486794233322143555e-01 5.150010585784912109e-01
2.460563778877258301e-01 -6.699002981185913086e-01 4.539863765239715576e-01
2.975749373435974121e-01 -7.215673327445983887e-01 4.326169490814208984e-01
2.808231413364410400e-01 -6.739791631698608398e-01 5.467345714569091797e-01
3.268408179283142090e-01 -7.315955758094787598e-01 5.271314978599548340e-01
3.420275747776031494e-01 -7.809033989906311035e-01 4.115377366542816162e-01
3.688492774963378906e-01 -7.913590073585510254e-01 5.082010626792907715e-01
2.429597228765487671e-01 9.010659456253051758e-01 5.185488462448120117e-01
2.211070805788040161e-01 8.316262364387512207e-01 5.081853270530700684e-01
2.341973036527633667e-01 9.192184805870056152e-01 4.198670089244842529e-01
2.143247425556182861e-01 8.475990295410156250e-01 4.087363779544830322e-01
1.704188734292984009e-01 9.393618106842041016e-01 5.309811234474182129e-01
1.533241569995880127e-01 8.716377019882202148e-01 5.230268836021423340e-01
1.626675575971603394e-01 9.541438221931457520e-01 4.323805570602416992e-01
1.465753316879272461e-01 8.853568434715270996e-01 4.215548038482666016e-01
3.423143327236175537e-01 7.357801198959350586e-01 4.857594966888427734e-01
3.351728022098541260e-01 7.539467215538024902e-01 3.870529830455780029e-01
2.859901785850524902e-01 7.907909154891967773e-01 4.964654445648193359e-01
2.787532806396484375e-01 8.066605925559997559e-01 3.976511061191558838e-01
1.926686763763427734e-01 7.651869654655456543e-01 4.988526701927185059e-01
1.875044256448745728e-01 7.790292501449584961e-01 3.977826833724975586e-01
1.472013592720031738e-01 7.069705128669738770e-01 4.905101954936981201e-01
1.440621018409729004e-01 7.176311612129211426e-01 3.900231420993804932e-01
1.332310736179351807e-01 8.040239214897155762e-01 5.121371746063232422e-01
1.245761364698410034e-01 8.169513344764709473e-01 4.082203805446624756e-01
3.576318621635437012e-01 6.126704216003417969e-01 4.754492640495300293e-01
3.064322769641876221e-01 5.573389530181884766e-01 4.716777503490447998e-01
3.556354343891143799e-01 6.234322190284729004e-01 3.767088651657104492e-01
3.089361488819122314e-01 5.639919042587280273e-01 3.725289404392242432e-01
3.085209131240844727e-01 8.616333007812500000e-01 5.071371793746948242e-01
2.985149323940277100e-01 8.817681670188903809e-01 4.077184498310089111e-01
8.674991875886917114e-02 7.476763129234313965e-01 5.031017661094665527e-01
8.082194626331329346e-02 7.566874027252197266e-01 4.017218947410583496e-01
2.518613636493682861e-01 5.042570233345031738e-01 4.666567742824554443e-01
2.622726261615753174e-01 5.024022459983825684e-01 3.681700527667999268e-01
-2.129196673631668091e-01 -6.287032961845397949e-01 4.529354274272918701e-01
-2.700558602809906006e-01 -6.801213622093200684e-01 4.577462971210479736e-01
-1.977069973945617676e-01 -6.279463768005371094e-01 5.518974661827087402e-01
-2.604564428329467773e-01 -6.766704916954040527e-01 5.560266375541687012e-01
-1.734671741724014282e-01 -6.924793124198913574e-01 4.493355453014373779e-01
-2.290085703134536743e-01 -7.454023361206054688e-01 4.508906304836273193e-01
-1.684760898351669312e-01 -6.943452358245849609e-01 5.499445199966430664e-01
-2.269618958234786987e-01 -7.458789348602294922e-01 5.502709746360778809e-01
-1.343775093555450439e-01 -7.544608712196350098e-01 4.510224759578704834e-01
-1.866725087165832520e-01 -8.112731575965881348e-01 4.483669400215148926e-01
-1.368080526590347290e-01 -7.593808770179748535e-01 5.522826910018920898e-01
-1.913405209779739380e-01 -8.152078986167907715e-01 5.466297864913940430e-01
-2.813182473182678223e-01 -7.995389103889465332e-01 4.499176740646362305e-01
-2.812291979789733887e-01 -7.989797592163085938e-01 5.486029982566833496e-01
-2.317013442516326904e-01 -8.696732521057128906e-01 4.429744780063629150e-01
-2.371165752410888672e-01 -8.718710541725158691e-01 5.399867892265319824e-01
3.602369725704193115e-01 5.051066279411315918e-01 4.726630151271820068e-01
3.041962087154388428e-01 4.535292387008666992e-01 4.746364057064056396e-01
3.613975942134857178e-01 5.095431208610534668e-01 3.733878433704376221e-01
3.146453797817230225e-01 4.463986456394195557e-01 3.769667446613311768e-01
2.489916384220123291e-01 3.994740247726440430e-01 4.739928543567657471e-01
2.703523635864257812e-01 3.844817876815795898e-01 3.783298134803771973e-01
1.971062570810317993e-01 4.496552348136901855e-01 4.575137495994567871e-01
2.188569605350494385e-01 4.368487894535064697e-01 3.611016571521759033e-01
1.474859416484832764e-01 5.057896375656127930e-01 4.535610973834991455e-01
1.679424643516540527e-01 4.992688596248626709e-01 3.537619709968566895e-01
4.118872880935668945e-01 5.594565868377685547e-01 4.734565615653991699e-01
4.085098803043365479e-01 5.688814520835876465e-01 3.742741346359252930e-01
-1.922869235277175903e-01 -3.472802639007568359e-01 4.761174917221069336e-01
-2.520277500152587891e-01 -3.916924893856048584e-01 4.907509982585906982e-01
-1.393924206495285034e-01 -3.599686920642852783e-01 5.608750581741333008e-01
-2.096572667360305786e-01 -3.933839797973632812e-01 5.820950865745544434e-01
-1.600185930728912354e-01 -4.080552458763122559e-01 4.455438256263732910e-01
-2.171591073274612427e-01 -4.541136324405670166e-01 4.677710831165313721e-01
-1.118904352188110352e-01 -4.191084206104278564e-01 5.315994620323181152e-01
-1.762142479419708252e-01 -4.546102881431579590e-01 5.590786337852478027e-01
-1.105162948369979858e-01 -3.532575666904449463e-01 4.198561012744903564e-01
-5.423617735505104065e-02 -3.778187632560729980e-01 4.976522028446197510e-01
-7.850655913352966309e-02 -4.248284101486206055e-01 3.973852694034576416e-01
-1.286986321210861206e-01 -4.762361943721771240e-01 4.267612993717193604e-01
-3.248639032244682312e-02 -4.490457177162170410e-01 4.809643030166625977e-01
-8.931392431259155273e-02 -4.881976842880249023e-01 5.165978670120239258e-01
-1.859048455953598022e-01 -5.206477046012878418e-01 4.508722126483917236e-01
-1.527697145938873291e-01 -5.232176184654235840e-01 5.443540215492248535e-01
-9.257329255342483521e-02 -5.464290380477905273e-01 4.180071055889129639e-01
-1.503404676914215088e-01 -5.887292027473449707e-01 4.402810931205749512e-01
-6.554748862981796265e-02 -5.601583123207092285e-01 5.117200613021850586e-01
-1.305194497108459473e-01 -5.923279523849487305e-01 5.384913682937622070e-01
-3.247901499271392822e-01 -7.353590726852416992e-01 4.560856521129608154e-01
-3.193457126617431641e-01 -7.305736541748046875e-01 5.542843937873840332e-01
3.156848624348640442e-02 -1.648058096179738641e-04 5.631344914436340332e-01
1.120888367295265198e-01 -6.308628618717193604e-02 5.597296953201293945e-01
1.844610273838043213e-02 -3.220248036086559296e-03 4.879475235939025879e-01
9.756368398666381836e-02 -6.163844838738441467e-02 4.833439290523529053e-01
-3.406619280576705933e-02 -4.344390332698822021e-02 5.601722002029418945e-01
3.958760946989059448e-02 -1.023343950510025024e-01 5.816513895988464355e-01
-2.620546519756317139e-02 -6.611312180757522583e-02 4.887882173061370850e-01
5.149602517485618591e-02 -1.226387321949005127e-01 5.095800757408142090e-01
3.613644242286682129e-01 4.070593118667602539e-01 4.930327236652374268e-01
3.050444126129150391e-01 3.554110825061798096e-01 4.959064722061157227e-01
3.697628974914550781e-01 3.973778784275054932e-01 3.955337405204772949e-01
3.251754641532897949e-01 3.362567424774169922e-01 4.010230004787445068e-01
2.525797486305236816e-01 3.007892966270446777e-01 4.987448453903198242e-01
2.827539145946502686e-01 2.738343775272369385e-01 4.078150391578674316e-01
1.985371410846710205e-01 3.417692184448242188e-01 4.692356586456298828e-01
2.290879637002944946e-01 3.178358376026153564e-01 3.774311840534210205e-01
1.472739428281784058e-01 3.880866765975952148e-01 4.450579583644866943e-01
1.798367351293563843e-01 3.691788911819458008e-01 3.524177670478820801e-01
-1.199088245630264282e-01 -1.886516213417053223e-01 4.971698820590972900e-01
-1.696512103080749512e-01 -2.444931268692016602e-01 5.076333284378051758e-01
-5.100977793335914612e-02 -2.281766831874847412e-01 5.593351721763610840e-01
-1.069702208042144775e-01 -2.751134932041168213e-01 5.820470452308654785e-01
-9.509767591953277588e-02 -2.334541231393814087e-01 4.421520233154296875e-01
-1.398151516914367676e-01 -2.947636544704437256e-01 4.584958851337432861e-01
-2.635983563959598541e-02 -2.687852084636688232e-01 5.043992996215820312e-01
-7.922687381505966187e-02 -3.192273676395416260e-01 5.336474180221557617e-01
-7.198294252157211304e-02 -2.885308265686035156e-01 3.934311568737030029e-01
-7.190548349171876907e-03 -3.247290253639221191e-01 4.595411121845245361e-01
-3.117241859436035156e-01 -4.337139129638671875e-01 5.107572674751281738e-01
-2.717580199241638184e-01 -4.306739866733551025e-01 6.049708724021911621e-01
-2.771251201629638672e-01 -4.960735142230987549e-01 4.884608387947082520e-01
-2.385657578706741333e-01 -4.915516674518585205e-01 5.826321840286254883e-01
-2.472320050001144409e-01 -5.629051327705383301e-01 4.654486179351806641e-01
-2.226849049329757690e-01 -5.580488443374633789e-01 5.618333816528320312e-01
2.560419440269470215e-01 2.067826986312866211e-01 5.390819907188415527e-01
2.950961589813232422e-01 1.725417226552963257e-01 4.548445343971252441e-01
2.030401825904846191e-01 2.430111169815063477e-01 4.995344877243041992e-01
2.425199598073959351e-01 2.097269147634506226e-01 4.147085845470428467e-01
1.513134688138961792e-01 2.797819674015045166e-01 4.610345065593719482e-01
1.911943703889846802e-01 2.465317547321319580e-01 3.756138980388641357e-01
6.052578333765268326e-03 -1.120198238641023636e-02 4.163428843021392822e-01
-2.301830425858497620e-02 -8.886010944843292236e-02 4.196422696113586426e-01
8.773197233676910400e-02 -6.846380233764648438e-02 4.106948077678680420e-01
5.648322030901908875e-02 -1.431787908077239990e-01 4.398105144500732422e-01
1.004413142800331116e-01 3.272438645362854004e-01 4.344522356986999512e-01
1.421813517808914185e-01 3.030689060688018799e-01 3.454859256744384766e-01
3.615097701549530029e-01 3.150887489318847656e-01 5.255342721939086914e-01
3.079959750175476074e-01 2.608455419540405273e-01 5.311326980590820312e-01
3.812544643878936768e-01 2.943123877048492432e-01 4.311120510101318359e-01
3.380937278270721436e-01 2.334730178117752075e-01 4.406410157680511475e-01
-8.941379189491271973e-02 -9.799122810363769531e-02 5.533416867256164551e-01
-1.448878496885299683e-01 -1.491939425468444824e-01 5.559702515602111816e-01
-1.809417642652988434e-02 -1.492612808942794800e-01 6.005380749702453613e-01
-7.884251326322555542e-02 -1.929219812154769897e-01 6.189385652542114258e-01
-7.180601358413696289e-02 -1.300800591707229614e-01 4.870363175868988037e-01
1.812951057218015194e-03 -1.773851513862609863e-01 5.345309972763061523e-01
-5.262958258390426636e-02 -1.699505597352981567e-01 4.249205887317657471e-01
2.056145109236240387e-02 -2.140410542488098145e-01 4.747628271579742432e-01
-3.196664899587631226e-02 -2.243791669607162476e-01 3.722653090953826904e-01
3.720161691308021545e-02 -2.691280841827392578e-01 4.267531335353851318e-01
1.446702629327774048e-01 -6.765145659446716309e-01 4.937614202499389648e-01
1.887302398681640625e-01 -6.790286898612976074e-01 5.832512378692626953e-01
1.913214772939682007e-01 -6.218867897987365723e-01 4.792801439762115479e-01
2.330800890922546387e-01 -6.174525022506713867e-01 5.681020617485046387e-01
-1.967687308788299561e-01 -2.028867602348327637e-01 5.636363625526428223e-01
-1.344931572675704956e-01 -2.391899824142456055e-01 6.391487717628479004e-01
-2.239081412553787231e-01 -2.955173254013061523e-01 5.207611322402954102e-01
-1.680816859006881714e-01 -3.152644038200378418e-01 6.089193224906921387e-01
-9.491190314292907715e-02 -8.086928129196166992e-01 4.675801992416381836e-01
-1.359577327966690063e-01 -8.695189356803894043e-01 4.536365270614624023e-01
-1.002707779407501221e-01 -8.203756213188171387e-01 5.705366134643554688e-01
-1.439843922853469849e-01 -8.804989457130432129e-01 5.517862439155578613e-01
-5.703715234994888306e-02 -8.480665087699890137e-01 4.828271865844726562e-01
-7.570429146289825439e-02 -9.186832308769226074e-01 4.599955081939697266e-01
-5.820785462856292725e-02 -8.722944259643554688e-01 5.870923995971679688e-01
-8.077059686183929443e-02 -9.397351741790771484e-01 5.565083622932434082e-01
-1.692973822355270386e-01 -9.301407337188720703e-01 4.406947791576385498e-01
-1.787241250276565552e-01 -9.406437873840332031e-01 5.341733694076538086e-01
-8.491774648427963257e-02 -9.837105274200439453e-01 4.370548129081726074e-01
-9.124565124511718750e-02 -1.002740144729614258e+00 5.285643935203552246e-01
-1.088991612195968628e-01 -6.541387438774108887e-01 4.431775510311126709e-01
-1.013296544551849365e-01 -6.599399447441101074e-01 5.430524945259094238e-01
-3.060509860515594482e-01 -6.144709587097167969e-01 4.716412127017974854e-01
-2.874356508255004883e-01 -6.066418886184692383e-01 5.684804320335388184e-01
-6.810624897480010986e-02 -7.171614170074462891e-01 4.453924894332885742e-01
-6.761632114648818970e-02 -7.260854840278625488e-01 5.467258095741271973e-01
3.182253276463598013e-04 -8.682561516761779785e-01 4.971795976161956787e-01
1.742771273711696267e-04 -9.331394433975219727e-01 4.635936021804809570e-01
4.073487129062414169e-03 -9.032334685325622559e-01 5.970566868782043457e-01
1.291064661927521229e-03 -9.658289551734924316e-01 5.572778582572937012e-01
4.594427999109029770e-03 -9.949917793273925781e-01 4.364989101886749268e-01
6.581816822290420532e-03 -1.026664018630981445e+00 5.218446850776672363e-01
5.066455528140068054e-02 -8.530974984169006348e-01 4.977556765079498291e-01
7.189234346151351929e-02 -9.172344207763671875e-01 4.635726511478424072e-01
7.271731644868850708e-02 -8.912284970283508301e-01 5.927471518516540527e-01
8.956713974475860596e-02 -9.522671103477478027e-01 5.533244013786315918e-01
9.558758884668350220e-02 -9.781263470649719238e-01 4.349693059921264648e-01
1.113225966691970825e-01 -1.010057210922241211e+00 5.215854644775390625e-01
1.042178347706794739e-01 -8.190136551856994629e-01 4.897818863391876221e-01
1.372517347335815430e-01 -8.796277642250061035e-01 4.590187668800354004e-01
1.353081613779067993e-01 -8.505244255065917969e-01 5.833244919776916504e-01
1.625147312879562378e-01 -9.110431671142578125e-01 5.501366853713989258e-01
1.674839705228805542e-01 -9.386309385299682617e-01 4.308706820011138916e-01
1.918184012174606323e-01 -9.680140018463134766e-01 5.199184417724609375e-01
9.710731357336044312e-02 -7.330172657966613770e-01 5.093883275985717773e-01
1.433510482311248779e-01 -7.378367185592651367e-01 5.971584916114807129e-01
2.332472056150436401e-01 -5.643373727798461914e-01 4.569664895534515381e-01
2.898403704166412354e-01 -6.124592423439025879e-01 4.383375942707061768e-01
2.719162404537200928e-01 -5.525075793266296387e-01 5.463147163391113281e-01
3.225668072700500488e-01 -6.107877492904663086e-01 5.318380594253540039e-01
3.435905575752258301e-01 -6.639898419380187988e-01 4.190568327903747559e-01
3.705834150314331055e-01 -6.667050719261169434e-01 5.163952112197875977e-01
2.746362686157226562e-01 -5.112556219100952148e-01 4.264029264450073242e-01
3.093340098857879639e-01 -4.913524687290191650e-01 5.173276662826538086e-01
3.167253732681274414e-01 -4.608883559703826904e-01 3.914717137813568115e-01
3.498186767101287842e-01 -4.364959597587585449e-01 4.838931560516357422e-01
3.326973021030426025e-01 -5.579540133476257324e-01 4.138614535331726074e-01
3.624522686004638672e-01 -5.434876084327697754e-01 5.091294646263122559e-01
1.825206726789474487e-01 -2.868343591690063477e-01 3.369737863540649414e-01
2.363021522760391235e-01 -3.391442596912384033e-01 3.419004976749420166e-01
2.360907346010208130e-01 -2.326678037643432617e-01 4.025148153305053711e-01
2.839877009391784668e-01 -2.891171872615814209e-01 4.162861406803131104e-01
2.952716350555419922e-01 -3.859336078166961670e-01 3.428961038589477539e-01
3.352787196636199951e-01 -3.431513905525207520e-01 4.255469739437103271e-01
1.360011249780654907e-01 -5.761335492134094238e-01 5.016193985939025879e-01
1.857401430606842041e-01 -5.568853616714477539e-01 5.841109752655029297e-01
6.144041940569877625e-02 -2.933939099311828613e-01 4.514881372451782227e-01
1.216750890016555786e-01 -2.397164702415466309e-01 5.086710453033447266e-01
9.358553588390350342e-02 -2.525860071182250977e-01 3.936843276023864746e-01
1.536866277456283569e-01 -2.004789412021636963e-01 4.506930112838745117e-01
3.769821822643280029e-01 -5.051980614662170410e-01 3.847973942756652832e-01
4.047664403915405273e-01 -4.873611032962799072e-01 4.802214503288269043e-01
2.233391851186752319e-01 -2.627646625041961670e-01 2.790187299251556396e-01
2.760066092014312744e-01 -2.057543992996215820e-01 3.443256020545959473e-01
2.781870067119598389e-01 -3.141066431999206543e-01 2.860587537288665771e-01
3.249236345291137695e-01 -2.607609331607818604e-01 3.587475419044494629e-01
