3.294010162353515625e-01 2.115601301193237305e-01 3.589070737361907959e-01
3.262360692024230957e-01 1.273635029792785645e-01 3.604230880737304688e-01
3.419412076473236084e-01 2.088827937841415405e-01 4.568435251712799072e-01
3.387604653835296631e-01 1.282287687063217163e-01 4.577362835407257080e-01
4.022970795631408691e-01 2.005922198295593262e-01 3.490617871284484863e-01
3.981721997261047363e-01 1.231376081705093384e-01 3.498227298259735107e-01
4.149831235408782959e-01 2.008079439401626587e-01 4.478638172149658203e-01
4.111806452274322510e-01 1.253958195447921753e-01 4.486415386199951172e-01
4.762636125087738037e-01 1.950668394565582275e-01 3.384020328521728516e-01
4.721237421035766602e-01 1.215571984648704529e-01 3.390763401985168457e-01
4.896219670772552490e-01 1.971087902784347534e-01 4.382636547088623047e-01
4.855434596538543701e-01 1.243810057640075684e-01 4.386830031871795654e-01
3.980404436588287354e-01 4.628946259617805481e-02 3.514703214168548584e-01
4.118245542049407959e-01 4.870255663990974426e-02 4.497188329696655273e-01
4.716554582118988037e-01 4.664596542716026306e-02 3.399319052696228027e-01
4.859557449817657471e-01 5.004668608307838440e-02 4.393543601036071777e-01
3.403321206569671631e-01 2.881903350353240967e-01 3.589659929275512695e-01
3.522371947765350342e-01 2.849182784557342529e-01 4.578903019428253174e-01
4.129336178302764893e-01 2.757393121719360352e-01 3.483424484729766846e-01
4.257701337337493896e-01 2.755438089370727539e-01 4.478910267353057861e-01
4.861977398395538330e-01 2.691771090030670166e-01 3.379051089286804199e-01
4.998215436935424805e-01 2.707727551460266113e-01 4.378601610660552979e-01
3.254502713680267334e-01 4.686250910162925720e-02 3.624367713928222656e-01
3.395929336547851562e-01 4.852500557899475098e-02 4.597076177597045898e-01
3.283939063549041748e-01 -3.713944181799888611e-02 3.665464818477630615e-01
3.431190550327301025e-01 -3.218628838658332825e-02 4.638602137565612793e-01
4.000275135040283203e-01 -3.236049413681030273e-02 3.543275296688079834e-01
4.150337576866149902e-01 -2.708779647946357727e-02 4.528169333934783936e-01
4.734691977500915527e-01 -2.782057411968708038e-02 3.419617712497711182e-01
4.888907372951507568e-01 -2.272957190871238708e-02 4.410769939422607422e-01
4.057936668395996094e-01 -1.091347634792327881e-01 3.581473827362060547e-01
4.220528304576873779e-01 -1.036184132099151611e-01 4.558261334896087646e-01
4.787048995494842529e-01 -1.027444079518318176e-01 3.444499671459197998e-01
4.955972731113433838e-01 -9.682583063840866089e-02 4.433208107948303223e-01
-1.938559263944625854e-01 9.305893182754516602e-01 4.267811775207519531e-01
-1.689034849405288696e-01 8.657542467117309570e-01 4.085636138916015625e-01
-2.013732790946960449e-01 9.005089402198791504e-01 5.212990641593933105e-01
-1.770581305027008057e-01 8.341979384422302246e-01 5.045508742332458496e-01
-1.168397143483161926e-01 9.633174538612365723e-01 4.493003487586975098e-01
-9.933672100305557251e-02 8.988481163978576660e-01 4.273415207862854004e-01
-1.247587427496910095e-01 9.305911660194396973e-01 5.414394736289978027e-01
-1.079565435647964478e-01 8.649814128875732422e-01 5.231432914733886719e-01
-1.434472799301147461e-01 7.994757294654846191e-01 3.897361457347869873e-01
-1.498038470745086670e-01 7.667680382728576660e-01 4.879667758941650391e-01
-8.417634665966033936e-02 8.320728540420532227e-01 4.044596254825592041e-01
-8.916554600000381470e-02 7.972791194915771484e-01 5.058306455612182617e-01
-3.845943212509155273e-01 6.405937075614929199e-01 3.161815702915191650e-01
-3.459127545356750488e-01 5.743134617805480957e-01 3.092005252838134766e-01
-4.024083614349365234e-01 6.228121519088745117e-01 4.114835262298583984e-01
-3.654737174510955811e-01 5.571604967117309570e-01 4.051140248775482178e-01
-3.256166875362396240e-01 6.823127269744873047e-01 3.377879559993743896e-01
-2.867210805416107178e-01 6.179287433624267578e-01 3.283249437808990479e-01
-3.395254611968994141e-01 6.598551273345947266e-01 4.338546991348266602e-01
-3.023279607295989990e-01 5.949182510375976562e-01 4.238214790821075439e-01
-3.105697333812713623e-01 5.063928961753845215e-01 3.050631582736968994e-01
-3.307082951068878174e-01 4.898462593555450439e-01 4.008376300334930420e-01
-2.506599724292755127e-01 5.495213270187377930e-01 3.216102421283721924e-01
-2.668438851833343506e-01 5.293211936950683594e-01 4.190945327281951904e-01
3.129495680332183838e-01 4.721627533435821533e-01 3.758594095706939697e-01
2.860436141490936279e-01 3.962341547012329102e-01 3.714579641819000244e-01
3.189797997474670410e-01 4.631686508655548096e-01 4.745322465896606445e-01
2.945568263530731201e-01 3.878731131553649902e-01 4.691977798938751221e-01
3.715718686580657959e-01 4.343870282173156738e-01 3.699578046798706055e-01
3.546432852745056152e-01 3.634516596794128418e-01 3.613794744014739990e-01
3.852961361408233643e-01 4.305501282215118408e-01 4.695733785629272461e-01
3.648623526096343994e-01 3.597739338874816895e-01 4.606224000453948975e-01
2.713690102100372314e-01 3.166087269783020020e-01 3.684521913528442383e-01
2.813279926776885986e-01 3.093919754028320312e-01 4.662427306175231934e-01
4.461883306503295898e-01 4.232175052165985107e-01 3.517684638500213623e-01
4.277565777301788330e-01 3.507105112075805664e-01 3.483302593231201172e-01
4.607078433036804199e-01 4.214484989643096924e-01 4.515309929847717285e-01
4.381197988986968994e-01 3.494889438152313232e-01 4.481513202190399170e-01
2.540403604507446289e-01 5.177599191665649414e-01 3.813916146755218506e-01
2.253746986389160156e-01 4.432439506053924561e-01 3.771288692951202393e-01
2.562509179115295410e-01 5.046464800834655762e-01 4.791662395000457764e-01
2.308335006237030029e-01 4.294333755970001221e-01 4.737817347049713135e-01
3.539912402629852295e-01 5.365638732910156250e-01 3.800062835216522217e-01
3.575550019741058350e-01 5.289186239242553711e-01 4.797962605953216553e-01
4.175711870193481445e-01 4.995309114456176758e-01 3.724639415740966797e-01
4.246016144752502441e-01 4.958550035953521729e-01 4.730179309844970703e-01
3.094989061355590820e-01 -3.879678249359130859e-01 4.095934927463531494e-01
3.325548171997070312e-01 -4.635310173034667969e-01 4.169618189334869385e-01
3.302489221096038818e-01 -3.738291561603546143e-01 5.058217644691467285e-01
3.525199890136718750e-01 -4.506781697273254395e-01 5.130814313888549805e-01
3.746612071990966797e-01 -3.563327193260192871e-01 3.909440338611602783e-01
3.970892429351806641e-01 -4.311799407005310059e-01 3.969638943672180176e-01
3.955453038215637207e-01 -3.452417552471160889e-01 4.873206317424774170e-01
4.177933335304260254e-01 -4.184549152851104736e-01 4.939653575420379639e-01
3.629164099693298340e-01 -5.344919562339782715e-01 4.221892654895782471e-01
3.825080692768096924e-01 -5.211983323097229004e-01 5.192449092864990234e-01
4.263205230236053467e-01 -5.011952519416809082e-01 4.022031724452972412e-01
4.468496441841125488e-01 -4.877501726150512695e-01 4.999074041843414307e-01
2.584151029586791992e-01 2.398241907358169556e-01 3.671965301036834717e-01
2.700931131839752197e-01 2.329341322183609009e-01 4.650532305240631104e-01
2.958609163761138916e-01 5.822322368621826172e-01 3.870092034339904785e-01
2.952169477939605713e-01 5.704647898674011230e-01 4.856454730033874512e-01
3.956717848777770996e-01 6.000159978866577148e-01 3.853213787078857422e-01
3.985511362552642822e-01 5.924537181854248047e-01 4.855704605579376221e-01
4.583428502082824707e-01 5.631015300750732422e-01 3.758262097835540771e-01
4.646286964416503906e-01 5.590946078300476074e-01 4.769122004508972168e-01
4.993308782577514648e-01 3.430947959423065186e-01 3.366782963275909424e-01
5.118150115013122559e-01 3.445484340190887451e-01 4.373942315578460693e-01
-5.064036250114440918e-01 1.088693439960479736e-01 2.313176691532135010e-01
-5.017349123954772949e-01 3.472986817359924316e-02 2.375064492225646973e-01
-5.364758372306823730e-01 1.150118261575698853e-01 3.270878493785858154e-01
-5.317215323448181152e-01 4.389063641428947449e-02 3.326139748096466064e-01
-4.350073039531707764e-01 1.174553558230400085e-01 2.539224624633789062e-01
-4.302382469177246094e-01 3.902022913098335266e-02 2.606141567230224609e-01
-4.639757573604583740e-01 1.217299476265907288e-01 3.485611379146575928e-01
-4.591990411281585693e-01 4.672858491539955139e-02 3.546938300132751465e-01
-4.996723234653472900e-01 -3.995741531252861023e-02 2.455221414566040039e-01
-5.305179953575134277e-01 -2.851207926869392395e-02 3.403296768665313721e-01
-4.286236763000488281e-01 -3.932813555002212524e-02 2.684304416179656982e-01
-4.583184719085693359e-01 -2.833697758615016937e-02 3.624170124530792236e-01
-3.657323718070983887e-01 1.276402473449707031e-01 2.757065296173095703e-01
-3.603870272636413574e-01 4.186224564909934998e-02 2.833482623100280762e-01
-3.934986889362335205e-01 1.294362097978591919e-01 3.689626157283782959e-01
-3.883249759674072266e-01 4.958529025316238403e-02 3.758553564548492432e-01
-3.583812117576599121e-01 -4.065642878413200378e-02 2.916098833084106445e-01
-3.873577713966369629e-01 -2.904868312180042267e-02 3.843345940113067627e-01
2.865611016750335693e-01 6.970884203910827637e-01 4.044821262359619141e-01
2.425872534513473511e-01 6.346580982208251953e-01 3.902105093002319336e-01
2.769838869571685791e-01 6.777823567390441895e-01 5.016774535179138184e-01
2.345501184463500977e-01 6.163911819458007812e-01 4.875791072845458984e-01
3.417690694332122803e-01 6.464685201644897461e-01 3.982747197151184082e-01
3.368111252784729004e-01 6.337634921073913574e-01 4.960736632347106934e-01
1.997479200363159180e-01 8.565122485160827637e-01 4.334415793418884277e-01
1.732658892869949341e-01 7.902429699897766113e-01 4.043961465358734131e-01
1.861446201801300049e-01 8.276423811912536621e-01 5.284733772277832031e-01
1.584803909063339233e-01 7.622280120849609375e-01 4.996008872985839844e-01
2.629331052303314209e-01 8.106877803802490234e-01 4.297657907009124756e-01
2.300522774457931519e-01 7.447803616523742676e-01 4.066334068775177002e-01
2.499964237213134766e-01 7.849469780921936035e-01 5.250637531280517578e-01
2.165454179048538208e-01 7.200506925582885742e-01 5.032083988189697266e-01
3.235700726509094238e-01 7.621610760688781738e-01 4.240748286247253418e-01
3.133090734481811523e-01 7.421783208847045898e-01 5.205146074295043945e-01
3.340965509414672852e-01 -1.168079301714897156e-01 3.711255192756652832e-01
3.509680926799774170e-01 -1.112095117568969727e-01 4.681452512741088867e-01
4.143804609775543213e-01 -1.873608082532882690e-01 3.630697429180145264e-01
4.322280585765838623e-01 -1.793877482414245605e-01 4.605792462825775146e-01
4.868465065956115723e-01 -1.764828413724899292e-01 3.478257954120635986e-01
5.055055618286132812e-01 -1.689715683460235596e-01 4.462455213069915771e-01
3.439583480358123779e-01 -1.998391151428222656e-01 3.780377209186553955e-01
3.618571162223815918e-01 -1.918349713087081909e-01 4.744464457035064697e-01
4.261605441570281982e-01 -2.628744244575500488e-01 3.681678175926208496e-01
4.459985792636871338e-01 -2.538209557533264160e-01 4.652524590492248535e-01
4.986419379711151123e-01 -2.496994584798812866e-01 3.511187732219696045e-01
5.192464590072631836e-01 -2.413109838962554932e-01 4.493719339370727539e-01
2.703151702880859375e-01 -5.047715902328491211e-01 4.363760948181152344e-01
3.017491698265075684e-01 -5.732439160346984863e-01 4.418741762638092041e-01
2.916325032711029053e-01 -4.901299476623535156e-01 5.333397388458251953e-01
3.210672140121459961e-01 -5.619580149650573730e-01 5.385639071464538574e-01
1.988433599472045898e-01 5.707898139953613281e-01 3.830980062484741211e-01
1.959881782531738281e-01 5.512648820877075195e-01 4.799408912658691406e-01
3.807098269462585449e-01 7.115536332130432129e-01 4.145809710025787354e-01
3.752612173557281494e-01 6.985945701599121094e-01 5.130328536033630371e-01
1.870232969522476196e-01 6.849262714385986328e-01 3.874536752700805664e-01
1.738912910223007202e-01 6.606746912002563477e-01 4.841277599334716797e-01
2.939005196094512939e-01 8.744797706604003906e-01 4.520709812641143799e-01
2.799753546714782715e-01 8.495453596115112305e-01 5.467882156372070312e-01
3.572601377964019775e-01 8.272386789321899414e-01 4.459587335586547852e-01
3.456378579139709473e-01 8.075676560401916504e-01 5.418947339057922363e-01
2.255830913782119751e-01 9.193632602691650391e-01 4.594110250473022461e-01
2.110279351472854614e-01 8.911501765251159668e-01 5.527672767639160156e-01
1.457348912954330444e-01 9.564389586448669434e-01 4.682732224464416504e-01
1.313025802373886108e-01 8.942781686782836914e-01 4.393260180950164795e-01
1.319062560796737671e-01 9.218527674674987793e-01 5.583825707435607910e-01
1.191147789359092712e-01 8.578711152076721191e-01 5.346554517745971680e-01
1.140423491597175598e-01 8.262526392936706543e-01 4.080105125904083252e-01
1.001505181193351746e-01 7.870892882347106934e-01 5.045037269592285156e-01
5.387073010206222534e-02 9.822706580162048340e-01 4.716942310333251953e-01
5.519333481788635254e-02 9.180514812469482422e-01 4.450308680534362793e-01
4.322401806712150574e-02 9.451258182525634766e-01 5.615181922912597656e-01
4.435841366648674011e-02 8.791173696517944336e-01 5.385621190071105957e-01
5.303692445158958435e-02 8.505404591560363770e-01 4.167554378509521484e-01
4.188170656561851501e-02 8.078300356864929199e-01 5.109652876853942871e-01
1.282737851142883301e-01 7.305684685707092285e-01 3.847988843917846680e-01
1.126035153865814209e-01 7.023226022720336914e-01 4.810692667961120605e-01
-3.443997725844383240e-02 9.808989167213439941e-01 4.640065431594848633e-01
-2.317171916365623474e-02 9.154852628707885742e-01 4.401235282421112061e-01
-4.362276941537857056e-02 9.448643922805786133e-01 5.545399188995361328e-01
-3.253883868455886841e-02 8.782244324684143066e-01 5.337037444114685059e-01
-1.713870093226432800e-02 8.483494520187377930e-01 4.117325246334075928e-01
-2.384144999086856842e-02 8.102385401725769043e-01 5.100997686386108398e-01
1.785945594310760498e-01 -8.115717768669128418e-01 4.676676094532012939e-01
2.056413143873214722e-01 -8.807325959205627441e-01 4.602043628692626953e-01
1.930452436208724976e-01 -8.167077302932739258e-01 5.673707127571105957e-01
2.162870913743972778e-01 -8.872919678688049316e-01 5.589401721954345703e-01
2.449140846729278564e-01 -7.777968645095825195e-01 4.604076445102691650e-01
2.745978534221649170e-01 -8.462941646575927734e-01 4.547509253025054932e-01
2.586587071418762207e-01 -7.796885967254638672e-01 5.593157410621643066e-01
2.857068479061126709e-01 -8.489795923233032227e-01 5.534610748291015625e-01
2.293017357587814331e-01 -9.493824839591979980e-01 4.537246227264404297e-01
2.394048571586608887e-01 -9.549289345741271973e-01 5.516844391822814941e-01
3.005065023899078369e-01 -9.159983396530151367e-01 4.496516883373260498e-01
3.110584914684295654e-01 -9.180893898010253906e-01 5.486069917678833008e-01
3.117121458053588867e-01 -7.435480356216430664e-01 4.543229639530181885e-01
3.430043160915374756e-01 -8.121697306632995605e-01 4.490261077880859375e-01
3.245446085929870605e-01 -7.420598268508911133e-01 5.520513057708740234e-01
3.533714711666107178e-01 -8.120321035385131836e-01 5.476656556129455566e-01
3.683794140815734863e-01 -8.843488693237304688e-01 4.438429176807403564e-01
3.788488507270812988e-01 -8.827783465385437012e-01 5.438561439514160156e-01
-3.274091482162475586e-01 8.537478446960449219e-01 3.837154507637023926e-01
-2.969756424427032471e-01 7.872413396835327148e-01 3.698487877845764160e-01
-3.366518616676330566e-01 8.302688598632812500e-01 4.804498553276062012e-01
-3.078519701957702637e-01 7.625064253807067871e-01 4.664998948574066162e-01
-2.617801129817962646e-01 8.929433226585388184e-01 4.054312407970428467e-01
-2.335837036371231079e-01 8.277313113212585449e-01 3.890995085239410400e-01
-2.699530720710754395e-01 8.665153980255126953e-01 5.009253621101379395e-01
-2.428497076034545898e-01 8.000643253326416016e-01 4.853563010692596436e-01
-4.197361469268798828e-01 7.062372565269470215e-01 3.274240493774414062e-01
-4.354298710823059082e-01 6.904512643814086914e-01 4.244264066219329834e-01
-3.600492775440216064e-01 7.490857839584350586e-01 3.505640923976898193e-01
-3.724767565727233887e-01 7.271273732185363770e-01 4.467390179634094238e-01
-2.643584012985229492e-01 7.217491269111633301e-01 3.554783761501312256e-01
-2.759031057357788086e-01 6.962642073631286621e-01 4.519750177860260010e-01
-2.250991016626358032e-01 6.586248278617858887e-01 3.439059853553771973e-01
-2.374820709228515625e-01 6.334407925605773926e-01 4.407004714012145996e-01
-2.043297141790390015e-01 7.616559267044067383e-01 3.720666468143463135e-01
-2.129799574613571167e-01 7.333402037620544434e-01 4.690362513065338135e-01
-4.438165426254272461e-01 6.008700728416442871e-01 2.905655205249786377e-01
-4.064629673957824707e-01 5.347687005996704102e-01 2.882017195224761963e-01
-4.649362564086914062e-01 5.887449979782104492e-01 3.870395123958587646e-01
-4.289803206920623779e-01 5.225747823715209961e-01 3.845415413379669189e-01
-3.909137248992919922e-01 8.161171078681945801e-01 3.643620312213897705e-01
-4.012767672538757324e-01 7.962884902954101562e-01 4.623646736145019531e-01
-1.641004234552383423e-01 6.991413831710815430e-01 3.597953319549560547e-01
-1.737716645002365112e-01 6.711366176605224609e-01 4.565676450729370117e-01
-3.718229234218597412e-01 4.669711589813232422e-01 2.861214876174926758e-01
-3.946598470211029053e-01 4.548676609992980957e-01 3.816217780113220215e-01
-3.344091773033142090e-01 -7.323400974273681641e-01 4.497346580028533936e-01
-3.629401326179504395e-01 -8.020507097244262695e-01 4.471917748451232910e-01
-3.497747778892517090e-01 -7.230899333953857422e-01 5.469238162040710449e-01
-3.730142712593078613e-01 -7.963796257972717285e-01 5.451532006263732910e-01
-2.673622071743011475e-01 -7.623918056488037109e-01 4.582602679729461670e-01
-2.940951287746429443e-01 -8.329396247863769531e-01 4.540946185588836670e-01
-2.825020253658294678e-01 -7.602722644805908203e-01 5.570420026779174805e-01
-3.050196766853332520e-01 -8.326482772827148438e-01 5.527423024177551270e-01
-2.004056572914123535e-01 -7.923937439918518066e-01 4.669554233551025391e-01
-2.254404425621032715e-01 -8.644127845764160156e-01 4.605631232261657715e-01
-2.149568945169448853e-01 -7.937329411506652832e-01 5.656363368034362793e-01
-2.356717735528945923e-01 -8.667551875114440918e-01 5.590338706970214844e-01
-3.187804818153381348e-01 -9.035537242889404297e-01 4.506653547286987305e-01
-3.281371891498565674e-01 -9.041585922241210938e-01 5.488713979721069336e-01
-2.474828064441680908e-01 -9.359695315361022949e-01 4.557761549949645996e-01
-2.565263807773590088e-01 -9.382949471473693848e-01 5.533319711685180664e-01
-4.700852930545806885e-01 5.011424422264099121e-01 2.667613029479980469e-01
-4.355912208557128906e-01 4.338977336883544922e-01 2.643758356571197510e-01
-4.953486025333404541e-01 4.926207065582275391e-01 3.627873659133911133e-01
-4.612240195274353027e-01 4.276089072227478027e-01 3.605464398860931396e-01
-4.083877503871917725e-01 3.626454770565032959e-01 2.648565769195556641e-01
-4.353540837764739990e-01 3.571788072586059570e-01 3.604699075222015381e-01
-3.427638411521911621e-01 3.937100172042846680e-01 2.854128181934356689e-01
-3.677684962749481201e-01 3.829053640365600586e-01 3.802364766597747803e-01
-2.807781398296356201e-01 4.347859025001525879e-01 3.019278347492218018e-01
-3.018667399883270264e-01 4.209296107292175293e-01 3.996368348598480225e-01
-5.067919492721557617e-01 5.673238039016723633e-01 2.675359249114990234e-01
-5.304633378982543945e-01 5.590440630912780762e-01 3.638797104358673096e-01
-4.507942795753479004e-01 -5.041247606277465820e-01 3.651691079139709473e-01
-4.884872138500213623e-01 -5.687637329101562500e-01 3.784049153327941895e-01
-4.765346348285675049e-01 -4.781675934791564941e-01 4.583872556686401367e-01
-5.085857510566711426e-01 -5.446485280990600586e-01 4.735139906406402588e-01
-3.873480260372161865e-01 -5.319864749908447266e-01 3.922779262065887451e-01
-4.242405593395233154e-01 -5.983117222785949707e-01 4.027315378189086914e-01
-4.125898778438568115e-01 -5.060823559761047363e-01 4.848491549491882324e-01
-4.442612528800964355e-01 -5.748219490051269531e-01 4.971467852592468262e-01
-3.572009205818176270e-01 -4.615699946880340576e-01 3.800437450408935547e-01
-3.845463097095489502e-01 -4.356655180454254150e-01 4.716295003890991211e-01
-2.959390282630920410e-01 -4.966665506362915039e-01 4.079362452030181885e-01
-3.259671628475189209e-01 -5.659893155097961426e-01 4.192203879356384277e-01
-3.231243193149566650e-01 -4.718407094478607178e-01 4.999562203884124756e-01
-3.516495525836944580e-01 -5.422285795211791992e-01 5.121414661407470703e-01
-3.622158169746398926e-01 -6.321790218353271484e-01 4.278912246227264404e-01
-3.829786479473114014e-01 -6.117583513259887695e-01 5.222902297973632812e-01
-2.639562189579010010e-01 -5.993810296058654785e-01 4.455168247222900391e-01
-3.007467985153198242e-01 -6.645680069923400879e-01 4.550095796585083008e-01
-2.916028499603271484e-01 -5.808981060981750488e-01 5.399234294891357422e-01
-3.218484818935394287e-01 -6.523129343986511230e-01 5.482226014137268066e-01
-3.886592984199523926e-01 -8.731710910797119141e-01 4.447981417179107666e-01
-3.967488408088684082e-01 -8.688821792602539062e-01 5.428146719932556152e-01
-5.026091337203979492e-01 -1.146674826741218567e-01 2.520122230052947998e-01
-5.342004895210266113e-01 -1.005791053175926208e-01 3.453397452831268311e-01
-4.314742982387542725e-01 -1.168733388185501099e-01 2.769291400909423828e-01
-4.619583189487457275e-01 -1.034553647041320801e-01 3.701563477516174316e-01
-5.088980793952941895e-01 -1.886199414730072021e-01 2.623325288295745850e-01
-5.400454401969909668e-01 -1.714428663253784180e-01 3.560561537742614746e-01
-4.383333623409271240e-01 -1.944479793310165405e-01 2.877413928508758545e-01
-4.687400758266448975e-01 -1.778248101472854614e-01 3.806550800800323486e-01
-5.028457641601562500e-01 4.123672842979431152e-01 2.402002811431884766e-01
-4.763635098934173584e-01 3.412507176399230957e-01 2.417969703674316406e-01
-5.307730436325073242e-01 4.107427895069122314e-01 3.357658088207244873e-01
-5.053887963294982910e-01 3.406112492084503174e-01 3.379157781600952148e-01
-4.582154154777526855e-01 2.682491838932037354e-01 2.447606176137924194e-01
-4.872476756572723389e-01 2.688984572887420654e-01 3.403857350349426270e-01
-3.889288604259490967e-01 2.877811193466186523e-01 2.665509879589080811e-01
-4.163429737091064453e-01 2.835669517517089844e-01 3.615377545356750488e-01
-3.231222629547119141e-01 3.151922225952148438e-01 2.856705784797668457e-01
-3.487413823604583740e-01 3.079593479633331299e-01 3.814558088779449463e-01
-4.671957492828369141e-01 -3.448312282562255859e-01 3.116101026535034180e-01
-4.882600605487823486e-01 -4.165333211421966553e-01 3.243175446987152100e-01
-4.973840117454528809e-01 -3.226785063743591309e-01 4.048333466053009033e-01
-5.174853801727294922e-01 -3.932265937328338623e-01 4.180084168910980225e-01
-3.996872603893280029e-01 -3.613640964031219482e-01 3.386077880859375000e-01
-4.215509295463562012e-01 -4.349043071269989014e-01 3.523131906986236572e-01
-4.290669858455657959e-01 -3.372507989406585693e-01 4.303518235683441162e-01
-4.494874477386474609e-01 -4.093567728996276855e-01 4.444428980350494385e-01
-3.346824645996093750e-01 -3.871302604675292969e-01 3.667534887790679932e-01
-3.633609116077423096e-01 -3.619713187217712402e-01 4.573396742343902588e-01
-5.261256694793701172e-01 -6.336142420768737793e-01 3.890491724014282227e-01
-5.410435795783996582e-01 -6.126387715339660645e-01 4.850788414478302002e-01
-4.615401327610015869e-01 -6.638379693031311035e-01 4.114817380905151367e-01
-4.762723445892333984e-01 -6.436492800712585449e-01 5.066682100296020508e-01
-3.998310565948486328e-01 -6.987569928169250488e-01 4.354197382926940918e-01
-4.143748581409454346e-01 -6.827392578125000000e-01 5.305314660072326660e-01
-5.154166221618652344e-01 1.823950260877609253e-01 2.265202403068542480e-01
-5.448639988899230957e-01 1.864109635353088379e-01 3.224976360797882080e-01
-4.439464807510375977e-01 1.940777301788330078e-01 2.488700300455093384e-01
-4.723818004131317139e-01 1.960027217864990234e-01 3.440881967544555664e-01
-3.736844956874847412e-01 2.093847543001174927e-01 2.702973186969757080e-01
-4.009285271167755127e-01 2.077103555202484131e-01 3.643262088298797607e-01
-3.620358407497406006e-01 -1.204587742686271667e-01 3.011801838874816895e-01
-3.703782558441162109e-01 -2.022787779569625854e-01 3.130845129489898682e-01
-3.918766379356384277e-01 -1.069215089082717896e-01 3.934118747711181641e-01
-3.997713625431060791e-01 -1.859157383441925049e-01 4.041602909564971924e-01
-3.060932457447052002e-01 2.390494048595428467e-01 2.871822416782379150e-01
-3.306643068790435791e-01 2.348962277173995972e-01 3.844270408153533936e-01
-5.460339784622192383e-01 3.288103044033050537e-01 2.179989367723464966e-01
-5.291917920112609863e-01 2.554621994495391846e-01 2.221128344535827637e-01
-5.761191248893737793e-01 3.304465413093566895e-01 3.133162856101989746e-01
-5.592669248580932617e-01 2.580213546752929688e-01 3.178575634956359863e-01
-5.184977054595947266e-01 -2.621715366840362549e-01 2.740322351455688477e-01
-5.366691350936889648e-01 -3.335418999195098877e-01 2.853994071483612061e-01
-5.494554638862609863e-01 -2.425484210252761841e-01 3.682629466056823730e-01
-5.672263503074645996e-01 -3.121488094329833984e-01 3.796668946743011475e-01
-4.486417472362518311e-01 -2.709204852581024170e-01 2.997761070728302002e-01
-4.789659380912780762e-01 -2.512029111385345459e-01 3.927538394927978516e-01
-3.810881674289703369e-01 -2.868624627590179443e-01 3.260608017444610596e-01
-4.099459350109100342e-01 -2.643332779407501221e-01 4.177684485912322998e-01
-3.156777024269104004e-01 -3.130800426006317139e-01 3.528059422969818115e-01
-3.435288369655609131e-01 -2.882046699523925781e-01 4.441665709018707275e-01
2.094361037015914917e-01 -7.115861773490905762e-01 4.663478732109069824e-01
2.272318154573440552e-01 -7.118273377418518066e-01 5.648393034934997559e-01
2.755044698715209961e-01 -6.767586469650268555e-01 4.575862586498260498e-01
2.923035323619842529e-01 -6.728857755661010742e-01 5.548531413078308105e-01
-5.568279623985290527e-01 -4.046138823032379150e-01 2.971059679985046387e-01
-5.868338346481323242e-01 -3.828482925891876221e-01 3.915141820907592773e-01
-5.170442461967468262e-01 -4.853449165821075439e-01 3.365504443645477295e-01
-5.440417528152465820e-01 -4.615913331508636475e-01 4.312586784362792969e-01
-1.358352452516555786e-01 -8.206549286842346191e-01 4.719514846801757812e-01
-1.563570648431777954e-01 -8.944510221481323242e-01 4.651214182376861572e-01
-1.468605697154998779e-01 -8.264353871345520020e-01 5.718319416046142578e-01
-1.654742807149887085e-01 -8.996471166610717773e-01 5.638527870178222656e-01
-7.595900446176528931e-02 -8.472568988800048828e-01 4.764018058776855469e-01
-8.704268187284469604e-02 -9.246498346328735352e-01 4.688230454921722412e-01
-8.073826134204864502e-02 -8.558979034423828125e-01 5.774128437042236328e-01
-9.202261269092559814e-02 -9.313582777976989746e-01 5.676800608634948730e-01
-1.739986538887023926e-01 -9.660680294036865234e-01 4.596870541572570801e-01
-1.825974136590957642e-01 -9.713842868804931641e-01 5.558140277862548828e-01
-9.361054003238677979e-02 -9.968218207359313965e-01 4.619149267673492432e-01
-9.940122812986373901e-02 -1.002926707267761230e+00 5.574016571044921875e-01
-2.347263097763061523e-01 -6.948351860046386719e-01 4.613930881023406982e-01
-2.549031674861907959e-01 -6.900976896286010742e-01 5.603291988372802734e-01
-4.302741587162017822e-01 -7.683790922164916992e-01 4.369110763072967529e-01
-4.390656054019927979e-01 -7.563209533691406250e-01 5.333311557769775391e-01
-1.679881215095520020e-01 -7.245857715606689453e-01 4.716745913028717041e-01
-1.879113912582397461e-01 -7.230389714241027832e-01 5.712965130805969238e-01
-1.302332989871501923e-02 -8.671807050704956055e-01 4.791340827941894531e-01
-1.266963407397270203e-02 -9.410116672515869141e-01 4.698311090469360352e-01
-1.217201352119445801e-02 -8.784393072128295898e-01 5.828313827514648438e-01
-1.406273152679204941e-02 -9.512091875076293945e-01 5.694707632064819336e-01
-1.005913503468036652e-02 -1.010496497154235840e+00 4.617522060871124268e-01
-1.222657132893800735e-02 -1.021616220474243164e+00 5.558521151542663574e-01
4.777726531028747559e-02 -8.667975068092346191e-01 4.768584668636322021e-01
6.304802745580673218e-02 -9.358270764350891113e-01 4.685905575752258301e-01
5.710445716977119446e-02 -8.773806691169738770e-01 5.819994211196899414e-01
6.859111785888671875e-02 -9.481475949287414551e-01 5.669347643852233887e-01
7.780120521783828735e-02 -1.005704522132873535e+00 4.596090018749237061e-01
8.212015777826309204e-02 -1.016497135162353516e+00 5.554159283638000488e-01
1.150691285729408264e-01 -8.404679298400878906e-01 4.739230275154113770e-01
1.356172561645507812e-01 -9.118067026138305664e-01 4.650532603263854980e-01
1.269462853670120239e-01 -8.512009978294372559e-01 5.752822756767272949e-01
1.448190510272979736e-01 -9.224748611450195312e-01 5.640073418617248535e-01
1.547672450542449951e-01 -9.812955260276794434e-01 4.568636715412139893e-01
1.635011434555053711e-01 -9.910165071487426758e-01 5.541951060295104980e-01
1.430714428424835205e-01 -7.459816932678222656e-01 4.758162498474121094e-01
1.623780578374862671e-01 -7.484810352325439453e-01 5.742422342300415039e-01
3.397734463214874268e-01 -6.392077207565307617e-01 4.460816383361816406e-01
3.760712742805480957e-01 -7.059410810470581055e-01 4.436559379100799561e-01
3.551762998104095459e-01 -6.304050683975219727e-01 5.423937439918518066e-01
3.881609737873077393e-01 -7.004361152648925781e-01 5.417790412902832031e-01
4.081671237945556641e-01 -7.755345106124877930e-01 4.410208761692047119e-01
4.180412888526916504e-01 -7.694131731986999512e-01 5.409762859344482422e-01
4.002318382263183594e-01 -6.013011932373046875e-01 4.258440732955932617e-01
4.169092774391174316e-01 -5.892395377159118652e-01 5.240181088447570801e-01
4.639202952384948730e-01 -5.666334033012390137e-01 4.082373380661010742e-01
4.810819327831268311e-01 -5.542270541191101074e-01 5.067515373229980469e-01
4.376571476459503174e-01 -6.664964556694030762e-01 4.276811182498931885e-01
4.516288936138153076e-01 -6.554735898971557617e-01 5.268152356147766113e-01
4.442721605300903320e-01 -3.366672098636627197e-01 3.727017343044281006e-01
4.653220176696777344e-01 -4.087285995483398438e-01 3.772120177745819092e-01
4.656187295913696289e-01 -3.261134028434753418e-01 4.700357615947723389e-01
4.871628582477569580e-01 -3.970064520835876465e-01 4.750744700431823730e-01
4.944521784782409668e-01 -4.772877097129821777e-01 3.818302452564239502e-01
5.155839920043945312e-01 -4.662689268589019775e-01 4.794818460941314697e-01
2.380766272544860840e-01 -6.118792295455932617e-01 4.576628804206848145e-01
2.596862018108367920e-01 -6.032842993736267090e-01 5.547274351119995117e-01
2.881645262241363525e-01 -3.161568343639373779e-01 4.033081233501434326e-01
3.082827031612396240e-01 -3.009725511074066162e-01 5.003510117530822754e-01
3.554203510284423828e-01 -2.790574133396148682e-01 3.850024640560150146e-01
3.749070465564727783e-01 -2.706195712089538574e-01 4.810867607593536377e-01
5.017992258071899414e-01 -6.313655376434326172e-01 4.115210771560668945e-01
5.162684321403503418e-01 -6.201444864273071289e-01 5.106812119483947754e-01
5.157459974288940430e-01 -3.212025463581085205e-01 3.546736240386962891e-01
5.378208756446838379e-01 -3.121455311775207520e-01 4.526342451572418213e-01
5.359534621238708496e-01 -3.930800557136535645e-01 3.582876920700073242e-01
5.579893589019775391e-01 -3.844284415245056152e-01 4.561105668544769287e-01
