3.106980398297309875e-02 2.427525222301483154e-01 5.157505273818969727e-01
1.369931176304817200e-02 1.632061302661895752e-01 5.038353800773620605e-01
3.977758064866065979e-02 2.928934693336486816e-01 4.383392333984375000e-01
4.579266905784606934e-02 2.071364521980285645e-01 4.253077805042266846e-01
-4.416993260383605957e-02 2.365637719631195068e-01 5.195233821868896484e-01
-5.976558849215507507e-02 1.731344461441040039e-01 4.801197052001953125e-01
-3.590883687138557434e-02 2.887258827686309814e-01 4.374203085899353027e-01
-2.871878817677497864e-02 2.184207588434219360e-01 3.974240720272064209e-01
-1.186060905456542969e-01 2.356510907411575317e-01 5.133653283119201660e-01
-1.291082501411437988e-01 1.862674951553344727e-01 4.470698535442352295e-01
-1.094322204589843750e-01 2.888810038566589355e-01 4.293714761734008789e-01
-9.550809115171432495e-02 2.261531651020050049e-01 3.698899745941162109e-01
-7.588773220777511597e-02 1.036715880036354065e-01 4.436615109443664551e-01
-2.375052683055400848e-02 1.442652642726898193e-01 3.720833361148834229e-01
-1.344693899154663086e-01 1.127486303448677063e-01 4.017177224159240723e-01
-8.246237039566040039e-02 1.532261967658996582e-01 3.312844634056091309e-01
4.837093129754066467e-02 3.004111945629119873e-01 5.571140050888061523e-01
3.205449879169464111e-02 3.634544610977172852e-01 4.826259315013885498e-01
-2.701440639793872833e-02 2.918731868267059326e-01 5.681917667388916016e-01
-4.118166491389274597e-02 3.517170846462249756e-01 4.886897206306457520e-01
-1.043801233172416687e-01 2.863530516624450684e-01 5.709246397018432617e-01
-1.151891350746154785e-01 3.442046642303466797e-01 4.877546429634094238e-01
-1.192810107022523880e-02 9.360242635011672974e-02 4.824447333812713623e-01
4.198124259710311890e-02 1.336858719587326050e-01 4.128137826919555664e-01
-2.765174955129623413e-02 1.703212410211563110e-02 4.719117283821105957e-01
3.958681598305702209e-02 6.070096045732498169e-02 4.137650430202484131e-01
-7.755121588706970215e-02 2.765987068414688110e-02 4.138014316558837891e-01
-1.182512193918228149e-02 6.726537644863128662e-02 3.556514084339141846e-01
-1.202079951763153076e-01 3.329487144947052002e-02 3.566413521766662598e-01
-5.476410686969757080e-02 7.603371143341064453e-02 2.982590496540069580e-01
-5.985310673713684082e-02 -4.663642123341560364e-02 3.856127858161926270e-01
1.689505577087402344e-02 -1.826020772568881512e-03 3.420357108116149902e-01
-9.006180614233016968e-02 -3.960781916975975037e-02 3.204182386398315430e-01
-1.512565091252326965e-02 6.144431885331869125e-03 2.783303558826446533e-01
-1.101738363504409790e-01 9.559352397918701172e-01 3.985054492950439453e-01
-9.967307001352310181e-02 8.879441618919372559e-01 4.182664453983306885e-01
-1.718739718198776245e-01 9.558343887329101562e-01 4.761219620704650879e-01
-1.637948900461196899e-01 8.867060542106628418e-01 4.942101538181304932e-01
-3.505465760827064514e-02 9.740724563598632812e-01 4.320423603057861328e-01
-3.126283735036849976e-02 9.043282866477966309e-01 4.434648454189300537e-01
-8.988828957080841064e-02 9.744035005569458008e-01 5.156817436218261719e-01
-8.505542576313018799e-02 9.046798944473266602e-01 5.294610261917114258e-01
-8.828735351562500000e-02 8.173270225524902344e-01 4.430169165134429932e-01
-1.565752625465393066e-01 8.141101002693176270e-01 5.154240131378173828e-01
-2.362550795078277588e-02 8.308571577072143555e-01 4.495961964130401611e-01
-8.009909838438034058e-02 8.316457867622375488e-01 5.413849949836730957e-01
-1.984768062829971313e-01 6.626020073890686035e-01 2.464953511953353882e-01
-1.577208638191223145e-01 6.094156503677368164e-01 2.904156148433685303e-01
-2.816746830940246582e-01 6.363553404808044434e-01 2.828806638717651367e-01
-2.469833642244338989e-01 5.726310610771179199e-01 3.089168071746826172e-01
-1.918428391218185425e-01 7.099213004112243652e-01 3.025422692298889160e-01
-1.576096862554550171e-01 6.548618674278259277e-01 3.447691500186920166e-01
-2.748418748378753662e-01 6.885461807250976562e-01 3.492209017276763916e-01
-2.460267245769500732e-01 6.207789182662963867e-01 3.728980123996734619e-01
-1.301866471767425537e-01 5.526472926139831543e-01 3.365268111228942871e-01
-2.191286683082580566e-01 5.062500238418579102e-01 3.362985253334045410e-01
-1.312430948019027710e-01 5.982664227485656738e-01 3.945149779319763184e-01
-2.242331504821777344e-01 5.529172420501708984e-01 4.016997516155242920e-01
1.504596024751663208e-01 4.376682341098785400e-01 6.183502078056335449e-01
1.322815418243408203e-01 3.809971809387207031e-01 5.722507238388061523e-01
8.329679816961288452e-02 5.000384449958801270e-01 5.821725726127624512e-01
8.932497352361679077e-02 4.497808814048767090e-01 5.148522853851318359e-01
8.937042206525802612e-02 4.020546674728393555e-01 6.570345759391784668e-01
6.394257396459579468e-02 3.551732897758483887e-01 6.051635146141052246e-01
2.890154533088207245e-02 4.628968834877014160e-01 6.047239899635314941e-01
2.805052883923053741e-02 4.204826056957244873e-01 5.379763245582580566e-01
1.201489046216011047e-01 3.130253851413726807e-01 5.364881157875061035e-01
1.029463410377502441e-01 3.781410753726959229e-01 4.643710553646087646e-01
1.093960460275411606e-02 3.858231008052825928e-01 6.815072298049926758e-01
-1.100865937769412994e-02 3.421828150749206543e-01 6.212927699089050293e-01
-4.317625612020492554e-02 4.419065415859222412e-01 6.165294051170349121e-01
-4.342511296272277832e-02 4.031994342803955078e-01 5.472323298454284668e-01
1.981636136770248413e-01 4.826001822948455811e-01 5.772753953933715820e-01
1.823886036872863770e-01 4.231062233448028564e-01 5.290747284889221191e-01
1.287685483694076538e-01 5.488958954811096191e-01 5.516440272331237793e-01
1.314256787300109863e-01 5.004741549491882324e-01 4.855677485466003418e-01
1.754030436277389526e-01 4.829085469245910645e-01 6.724351048469543457e-01
9.153561294078826904e-02 5.332860946655273438e-01 6.530990600585937500e-01
1.246451064944267273e-01 4.381525516510009766e-01 7.135120034217834473e-01
4.108235612511634827e-02 4.880695044994354248e-01 6.838265657424926758e-01
4.206531122326850891e-02 -3.005797266960144043e-01 4.713567495346069336e-01
8.399724215269088745e-02 -3.654355108737945557e-01 4.541549384593963623e-01
1.149323508143424988e-01 -2.412041425704956055e-01 4.998850822448730469e-01
1.503774076700210571e-01 -3.148474693298339844e-01 5.020105242729187012e-01
4.899377375841140747e-02 -2.705124914646148682e-01 4.017983376979827881e-01
9.809930622577667236e-02 -3.318067193031311035e-01 3.897687494754791260e-01
1.278208196163177490e-01 -2.163841277360916138e-01 4.274769127368927002e-01
1.697937399148941040e-01 -2.791430950164794922e-01 4.331562817096710205e-01
1.367955207824707031e-01 -4.211022853851318359e-01 4.356725215911865234e-01
1.961665153503417969e-01 -3.797476887702941895e-01 5.032507777214050293e-01
1.545830368995666504e-01 -3.822590112686157227e-01 3.764024972915649414e-01
2.191107422113418579e-01 -3.359847962856292725e-01 4.404605031013488770e-01
1.078886836767196655e-01 2.467971444129943848e-01 4.984629750251770020e-01
1.060827374458312988e-01 3.125078082084655762e-01 4.209647476673126221e-01
2.179886251688003540e-01 5.326621532440185547e-01 6.315719485282897949e-01
1.345512568950653076e-01 5.844773650169372559e-01 6.236869096755981445e-01
1.987736076116561890e-01 5.261861085891723633e-01 7.309671044349670410e-01
1.094278246164321899e-01 5.630544424057006836e-01 7.221987843513488770e-01
1.494711935520172119e-01 4.777422547340393066e-01 7.730726599693298340e-01
5.941965058445930481e-02 5.154786109924316406e-01 7.536692023277282715e-01
-9.297712892293930054e-02 3.380427956581115723e-01 6.249241232872009277e-01
-1.183472275733947754e-01 3.944604396820068359e-01 5.458642840385437012e-01
1.120455265045166016e-01 2.087903469800949097e-01 3.300997912883758545e-01
1.175550892949104309e-01 1.489739865064620972e-01 3.907633721828460693e-01
8.302404731512069702e-02 1.528019011020660400e-01 2.539549469947814941e-01
1.197276413440704346e-01 9.253366291522979736e-02 3.099872469902038574e-01
4.444403573870658875e-02 2.137232273817062378e-01 3.582903742790222168e-01
4.692256078124046326e-02 1.459966897964477539e-01 3.996118307113647461e-01
1.493740268051624298e-02 1.584552824497222900e-01 2.798517644405364990e-01
4.849572107195854187e-02 9.173958003520965576e-02 3.140647113323211670e-01
1.111365258693695068e-01 8.771594613790512085e-02 4.453435838222503662e-01
1.355049461126327515e-01 3.095303289592266083e-02 3.693253099918365479e-01
4.052813351154327393e-02 7.770915329456329346e-02 4.364434182643890381e-01
6.647653877735137939e-02 2.394652925431728363e-02 3.560850024223327637e-01
-2.375087700784206390e-02 2.153304666280746460e-01 3.861454725265502930e-01
-2.711835503578186035e-02 1.405430883169174194e-01 4.063392877578735352e-01
-5.500388145446777344e-02 1.608348339796066284e-01 3.044147491455078125e-01
-2.387544140219688416e-02 8.720722049474716187e-02 3.172764480113983154e-01
-3.374750912189483643e-02 6.847005337476730347e-02 4.211190938949584961e-01
-6.157273892313241959e-03 1.446564495563507080e-02 3.365783393383026123e-01
2.708149850368499756e-01 6.437288522720336914e-01 6.355921626091003418e-01
2.448092997074127197e-01 5.923452973365783691e-01 5.850824117660522461e-01
1.821030229330062866e-01 6.726129055023193359e-01 6.641489863395690918e-01
1.569354236125946045e-01 6.387717127799987793e-01 5.934550762176513672e-01
2.495945394039154053e-01 5.809903740882873535e-01 6.839162707328796387e-01
1.593446731567382812e-01 6.137837171554565430e-01 6.942282915115356445e-01
2.503276169300079346e-01 8.306732773780822754e-01 5.726146101951599121e-01
2.443124204874038696e-01 7.650354504585266113e-01 5.351036787033081055e-01
1.707801222801208496e-01 8.308605551719665527e-01 6.314923763275146484e-01
1.536443531513214111e-01 7.713734507560729980e-01 5.786942839622497559e-01
2.827424407005310059e-01 7.730659246444702148e-01 6.236287951469421387e-01
2.696905434131622314e-01 7.077102065086364746e-01 5.863120555877685547e-01
1.986756622791290283e-01 7.788665890693664551e-01 6.734161376953125000e-01
1.797212362289428711e-01 7.268019318580627441e-01 6.254760026931762695e-01
2.974531054496765137e-01 7.062409520149230957e-01 6.768692731857299805e-01
2.096646279096603394e-01 7.175375819206237793e-01 7.177696228027343750e-01
-2.522455155849456787e-02 -5.631453171372413635e-02 4.523294568061828613e-01
5.201516672968864441e-02 -1.136087905615568161e-02 4.112251698970794678e-01
-3.251542523503303528e-02 -1.215313449501991272e-01 3.600942492485046387e-01
4.966808855533599854e-02 -7.133286446332931519e-02 3.409468829631805420e-01
-4.478136077523231506e-02 -1.138182431459426880e-01 2.893529236316680908e-01
3.587139397859573364e-02 -6.096746772527694702e-02 2.698734402656555176e-01
-1.686844974756240845e-02 -1.322669386863708496e-01 4.327449798583984375e-01
6.457937508821487427e-02 -8.082322776317596436e-02 4.160544872283935547e-01
7.896054536104202271e-03 -1.897755414247512817e-01 3.430925309658050537e-01
9.170521050691604614e-02 -1.358559429645538330e-01 3.497351706027984619e-01
6.311835255473852158e-03 -1.779700219631195068e-01 2.710373103618621826e-01
8.812519907951354980e-02 -1.208881139755249023e-01 2.761253714561462402e-01
6.557091325521469116e-02 -4.166749715805053711e-01 5.100300312042236328e-01
1.149022281169891357e-01 -4.710137546062469482e-01 4.874753057956695557e-01
1.323408335447311401e-01 -3.662596344947814941e-01 5.576477050781250000e-01
1.763471364974975586e-01 -4.361545145511627197e-01 5.553406476974487305e-01
2.268283069133758545e-01 5.400352478027343750e-01 5.305933952331542969e-01
1.462188810110092163e-01 6.088869571685791016e-01 5.167458057403564453e-01
2.896319925785064697e-01 6.363844275474548340e-01 7.245257496833801270e-01
1.979442536830902100e-01 6.475211977958679199e-01 7.542498111724853516e-01
2.480712085962295532e-01 6.528942584991455078e-01 5.372003316879272461e-01
1.541070193052291870e-01 6.900534033775329590e-01 5.621087551116943359e-01
3.041940629482269287e-01 8.331995010375976562e-01 6.597476005554199219e-01
2.247941493988037109e-01 8.353362083435058594e-01 7.125312089920043945e-01
3.247489035129547119e-01 7.661575675010681152e-01 7.097190022468566895e-01
2.428021132946014404e-01 7.705150842666625977e-01 7.582156062126159668e-01
2.666906416416168213e-01 8.919900059700012207e-01 6.059005856513977051e-01
1.905025243759155273e-01 8.915335536003112793e-01 6.644377112388610840e-01
2.060679793357849121e-01 9.397215843200683594e-01 5.498115420341491699e-01
1.940002739429473877e-01 8.763133883476257324e-01 5.263675451278686523e-01
1.377675682306289673e-01 9.383301734924316406e-01 6.188738346099853516e-01
1.240315809845924377e-01 8.722072839736938477e-01 5.987212657928466797e-01
1.826607882976531982e-01 8.061361908912658691e-01 4.992595314979553223e-01
1.052804291248321533e-01 8.000344634056091309e-01 5.734778046607971191e-01
1.280801743268966675e-01 9.720882177352905273e-01 4.963417053222656250e-01
1.224406510591506958e-01 9.032695293426513672e-01 4.890503287315368652e-01
6.955152750015258789e-02 9.709548354148864746e-01 5.745199918746948242e-01
6.237358227372169495e-02 9.007547497749328613e-01 5.715020895004272461e-01
1.176955401897430420e-01 8.291251063346862793e-01 4.745522439479827881e-01
5.345021188259124756e-02 8.246660232543945312e-01 5.603761672973632812e-01
2.332306951284408569e-01 7.078682780265808105e-01 4.870347976684570312e-01
1.256174147129058838e-01 7.354393601417541504e-01 5.105341076850891113e-01
4.314129799604415894e-02 9.816606640815734863e-01 4.603725075721740723e-01
4.528747871518135071e-02 9.119914770126342773e-01 4.623020589351654053e-01
-1.139609143137931824e-02 9.843107461929321289e-01 5.463602542877197266e-01
-9.746562689542770386e-03 9.142329096794128418e-01 5.517931580543518066e-01
4.702470079064369202e-02 8.383951187133789062e-01 4.571109712123870850e-01
-9.652295149862766266e-03 8.391163945198059082e-01 5.503190755844116211e-01
1.270866990089416504e-01 -7.434810996055603027e-01 4.918571412563323975e-01
1.726192533969879150e-01 -7.875593304634094238e-01 4.513348937034606934e-01
1.836873739957809448e-01 -7.581906318664550781e-01 5.731395483016967773e-01
2.222487777471542358e-01 -8.102295994758605957e-01 5.334178209304809570e-01
1.631710082292556763e-01 -6.806962490081787109e-01 4.753130376338958740e-01
2.131827026605606079e-01 -7.237929701805114746e-01 4.404338300228118896e-01
2.173224538564682007e-01 -6.875318288803100586e-01 5.583547949790954590e-01
2.622285783290863037e-01 -7.374976277351379395e-01 5.245292186737060547e-01
2.148722857236862183e-01 -8.340611457824707031e-01 4.145774245262145996e-01
2.624807059764862061e-01 -8.557659387588500977e-01 4.973539710044860840e-01
2.601507604122161865e-01 -7.700056433677673340e-01 4.047720730304718018e-01
3.071110546588897705e-01 -7.851184010505676270e-01 4.909473061561584473e-01
1.987825483083724976e-01 -6.179724335670471191e-01 4.579426348209381104e-01
2.523685395717620850e-01 -6.607089638710021973e-01 4.244259893894195557e-01
2.507660984992980957e-01 -6.185861825942993164e-01 5.416619181632995605e-01
2.993655800819396973e-01 -6.693224310874938965e-01 5.111986398696899414e-01
3.016680777072906494e-01 -7.091990113258361816e-01 3.907828032970428467e-01
3.466838300228118896e-01 -7.194643616676330566e-01 4.801010787487030029e-01
-2.172047793865203857e-01 8.856400251388549805e-01 3.068134784698486328e-01
-1.957806497812271118e-01 8.171445727348327637e-01 3.288851380348205566e-01
-2.854031920433044434e-01 8.821626901626586914e-01 3.776657283306121826e-01
-2.707453370094299316e-01 8.081434965133666992e-01 3.921781480312347412e-01
-1.704766601324081421e-01 9.260771870613098145e-01 3.561895191669464111e-01
-1.572170704603195190e-01 8.581196069717407227e-01 3.789519071578979492e-01
-2.348614037036895752e-01 9.243117570877075195e-01 4.294195175170898438e-01
-2.247617244720458984e-01 8.542677164077758789e-01 4.489451050758361816e-01
-2.407116889953613281e-01 7.180789113044738770e-01 2.178870886564254761e-01
-3.175648450851440430e-01 7.103183865547180176e-01 2.750737369060516357e-01
-2.269468307495117188e-01 7.731990814208984375e-01 2.731883227825164795e-01
-3.020004332065582275e-01 7.627649903297424316e-01 3.354986310005187988e-01
-1.749151796102523804e-01 7.540506720542907715e-01 3.607843816280364990e-01
-2.557518482208251953e-01 7.347338199615478516e-01 4.103174805641174316e-01
-1.397265940904617310e-01 6.973226666450500488e-01 4.024103581905364990e-01
-2.294975370168685913e-01 6.700498461723327637e-01 4.370081126689910889e-01
-1.431829184293746948e-01 7.903189063072204590e-01 4.075078070163726807e-01
-2.185124605894088745e-01 7.795053720474243164e-01 4.694881141185760498e-01
-1.809862405061721802e-01 6.165325045585632324e-01 1.858924627304077148e-01
-1.444775760173797607e-01 5.637387037277221680e-01 2.318057268857955933e-01
-2.696180343627929688e-01 5.929270386695861816e-01 2.180845439434051514e-01
-2.357806563377380371e-01 5.302724838256835938e-01 2.455930262804031372e-01
-2.550317943096160889e-01 8.407477140426635742e-01 2.552259862422943115e-01
-3.236075341701507568e-01 8.391374349594116211e-01 3.268907964229583740e-01
-1.082652285695075989e-01 7.384190559387207031e-01 4.556712210178375244e-01
-1.993525475263595581e-01 7.123540639877319336e-01 4.974247813224792480e-01
-1.131759732961654663e-01 5.104300975799560547e-01 2.775051295757293701e-01
-2.002635300159454346e-01 4.661608040332794189e-01 2.721006870269775391e-01
-2.052122950553894043e-01 -6.294297575950622559e-01 4.796041250228881836e-01
-2.584640681743621826e-01 -6.811814904212951660e-01 5.018023252487182617e-01
-1.602473109960556030e-01 -6.286301612854003906e-01 5.692555308341979980e-01
-2.227008491754531860e-01 -6.733927726745605469e-01 5.944352746009826660e-01
-1.703389436006546021e-01 -6.967620849609375000e-01 4.630475938320159912e-01
-2.236628383398056030e-01 -7.493891119956970215e-01 4.819707274436950684e-01
-1.390997320413589478e-01 -6.954226493835449219e-01 5.575330257415771484e-01
-1.979750841856002808e-01 -7.439762353897094727e-01 5.774518251419067383e-01
-1.333078891038894653e-01 -7.623673081398010254e-01 4.592489004135131836e-01
-1.853960752487182617e-01 -8.193498849868774414e-01 4.725896418094635010e-01
-1.154290065169334412e-01 -7.636532783508300781e-01 5.584801435470581055e-01
-1.729321479797363281e-01 -8.174328207969665527e-01 5.699430704116821289e-01
-2.760598361492156982e-01 -8.021563291549682617e-01 4.969069063663482666e-01
-2.535437345504760742e-01 -7.938574552536010742e-01 5.934922695159912109e-01
-2.300660610198974609e-01 -8.771326541900634766e-01 4.798610210418701172e-01
-2.193030565977096558e-01 -8.726000189781188965e-01 5.767244696617126465e-01
-1.282715946435928345e-01 5.211389660835266113e-01 1.709725707769393921e-01
-8.575501292943954468e-02 4.746593832969665527e-01 2.196805924177169800e-01
-2.200186550617218018e-01 4.897795617580413818e-01 1.805270463228225708e-01
-1.696428358554840088e-01 4.309244155883789062e-01 2.072350531816482544e-01
-5.601172894239425659e-02 4.203746318817138672e-01 2.711780667304992676e-01
-1.337862312793731689e-01 3.703762292861938477e-01 2.383938878774642944e-01
-9.319011867046356201e-02 4.509412646293640137e-01 3.263708055019378662e-01
-1.732543408870697021e-01 3.975237309932708740e-01 2.979314029216766357e-01
-1.125647425651550293e-01 4.951967000961303711e-01 3.848209977149963379e-01
-1.989486068487167358e-01 4.396943151950836182e-01 3.649363815784454346e-01
-1.668863743543624878e-01 5.702385902404785156e-01 1.252678781747817993e-01
-2.586816847324371338e-01 5.500698685646057129e-01 1.529228091239929199e-01
-1.622385233640670776e-01 -3.450890779495239258e-01 5.292360782623291016e-01
-2.158239930868148804e-01 -3.937512934207916260e-01 5.558480024337768555e-01
-7.617607712745666504e-02 -3.682582974433898926e-01 5.746566057205200195e-01
-1.383248865604400635e-01 -4.028881788253784180e-01 6.198262572288513184e-01
-1.541748940944671631e-01 -3.996726870536804199e-01 4.760422408580780029e-01
-1.983648389577865601e-01 -4.522667527198791504e-01 5.107291936874389648e-01
-7.325951755046844482e-02 -4.225169420242309570e-01 5.277314782142639160e-01
-1.227205172181129456e-01 -4.601469337940216064e-01 5.764361619949340820e-01
-1.208713725209236145e-01 -3.384723365306854248e-01 4.412625432014465332e-01
-3.623066097497940063e-02 -3.764100372791290283e-01 4.752325117588043213e-01
-1.076371967792510986e-01 -4.068438410758972168e-01 3.938313722610473633e-01
-1.395535767078399658e-01 -4.650446176528930664e-01 4.344943165779113770e-01
-3.150342032313346863e-02 -4.460780322551727295e-01 4.417130053043365479e-01
-6.641917675733566284e-02 -4.897283613681793213e-01 4.961105287075042725e-01
-1.810421049594879150e-01 -5.166003108024597168e-01 4.738020896911621094e-01
-1.136920675635337830e-01 -5.265121459960937500e-01 5.461041331291198730e-01
-1.132750958204269409e-01 -5.379573702812194824e-01 4.055863618850708008e-01
-1.520689427852630615e-01 -5.879483819007873535e-01 4.464155435562133789e-01
-5.314769595861434937e-02 -5.635886788368225098e-01 4.784075915813446045e-01
-1.010773926973342896e-01 -5.956997871398925781e-01 5.312875509262084961e-01
-3.135891258716583252e-01 -7.358112931251525879e-01 5.133147835731506348e-01
-2.845350801944732666e-01 -7.242589592933654785e-01 6.078472733497619629e-01
8.485930413007736206e-02 2.371131442487239838e-02 5.000426173210144043e-01
1.371102780103683472e-01 -3.187749162316322327e-02 4.395414292812347412e-01
2.111173979938030243e-02 1.052761916071176529e-02 4.679473340511322021e-01
7.645311206579208374e-02 -4.201493784785270691e-02 4.041437208652496338e-01
4.882151260972023010e-02 -3.966434672474861145e-02 5.422287583351135254e-01
1.174242347478866577e-01 -9.441471099853515625e-02 5.018812417984008789e-01
-7.489920826628804207e-04 -5.893501639366149902e-02 4.923741817474365234e-01
7.094730436801910400e-02 -1.116944625973701477e-01 4.477354288101196289e-01
-3.670777380466461182e-02 4.450894296169281006e-01 1.657641530036926270e-01
-8.529925718903541565e-03 3.942808210849761963e-01 2.180569618940353394e-01
-1.242500767111778259e-01 4.053091704845428467e-01 1.492542028427124023e-01
-8.419895172119140625e-02 3.462888598442077637e-01 1.819028109312057495e-01
1.488882396370172501e-02 3.381856083869934082e-01 2.689137160778045654e-01
-5.111055448651313782e-02 2.864425182342529297e-01 2.173707485198974609e-01
-3.770484030246734619e-02 3.593845069408416748e-01 3.158940970897674561e-01
-1.060026660561561584e-01 3.051472306251525879e-01 2.673619985580444336e-01
-8.340028673410415649e-02 3.812419176101684570e-01 3.689428269863128662e-01
-1.540838778018951416e-01 3.260664343833923340e-01 3.220719397068023682e-01
-6.991536915302276611e-02 -1.874760836362838745e-01 5.375999212265014648e-01
-1.095354408025741577e-01 -2.465989589691162109e-01 5.646001100540161133e-01
1.942934282124042511e-02 -2.316342145204544067e-01 5.384389162063598633e-01
-1.804794184863567352e-02 -2.837722897529602051e-01 5.842251777648925781e-01
-8.937475085258483887e-02 -2.238890826702117920e-01 4.736396670341491699e-01
-1.206636950373649597e-01 -2.883073985576629639e-01 4.996552169322967529e-01
-7.005804800428450108e-04 -2.680255472660064697e-01 4.785158336162567139e-01
-3.215112537145614624e-02 -3.236597776412963867e-01 5.263280272483825684e-01
-1.025647297501564026e-01 -2.681082785129547119e-01 4.107229113578796387e-01
-1.561588328331708908e-02 -3.166292905807495117e-01 4.235665798187255859e-01
-2.646250128746032715e-01 -4.391175210475921631e-01 5.919367074966430664e-01
-1.885165423154830933e-01 -4.404655992984771729e-01 6.633352041244506836e-01
-2.460068464279174805e-01 -4.977720081806182861e-01 5.488343238830566406e-01
-1.716984063386917114e-01 -4.972044825553894043e-01 6.216065883636474609e-01
-2.314254790544509888e-01 -5.626296401023864746e-01 5.062854290008544922e-01
-1.757666915655136108e-01 -5.589672923088073730e-01 5.891735553741455078e-01
9.430928528308868408e-02 2.638861536979675293e-01 2.746280133724212646e-01
4.227710515260696411e-02 2.105029523372650146e-01 2.106545865535736084e-01
3.282012045383453369e-02 2.773664593696594238e-01 3.149766921997070312e-01
-2.045728266239166260e-02 2.237600684165954590e-01 2.506651282310485840e-01
-2.634655497968196869e-02 2.913191020488739014e-01 3.557649254798889160e-01
-8.160196989774703979e-02 2.352211624383926392e-01 2.915943562984466553e-01
-4.382070153951644897e-02 -6.756232585757970810e-03 4.342155754566192627e-01
-5.337356403470039368e-02 -8.086283504962921143e-02 4.407990574836730957e-01
1.367476303130388260e-02 -5.792849510908126831e-02 3.657035231590270996e-01
2.144756913185119629e-02 -1.325992643833160400e-01 3.946174681186676025e-01
-7.430057227611541748e-02 3.141020834445953369e-01 4.077283143997192383e-01
-1.350802332162857056e-01 2.568003535270690918e-01 3.466896712779998779e-01
5.035231262445449829e-02 3.726628422737121582e-01 1.732233166694641113e-01
7.258173823356628418e-02 3.175252377986907959e-01 2.237460762262344360e-01
-2.750799618661403656e-02 3.275537490844726562e-01 1.335931122303009033e-01
5.735946353524923325e-03 2.681519985198974609e-01 1.701733767986297607e-01
2.181421732529997826e-03 -1.011118814349174500e-01 5.714631676673889160e-01
-4.706224054098129272e-02 -1.564602851867675781e-01 6.017568707466125488e-01
8.359125256538391113e-02 -1.511380672454833984e-01 5.538864731788635254e-01
4.045761749148368835e-02 -2.023450136184692383e-01 6.035694479942321777e-01
-3.422651812434196472e-02 -1.262111067771911621e-01 5.103236436843872070e-01
5.014576762914657593e-02 -1.747693866491317749e-01 4.930028617382049561e-01
-6.418431550264358521e-02 -1.578264832496643066e-01 4.448072910308837891e-01
2.108564227819442749e-02 -2.079515904188156128e-01 4.338259696960449219e-01
-8.037371933460235596e-02 -2.015661448240280151e-01 3.798810541629791260e-01
3.114668885245919228e-03 -2.558903694152832031e-01 3.780529499053955078e-01
1.103524193167686462e-01 -6.407539248466491699e-01 5.138841271400451660e-01
1.717567741870880127e-01 -6.367145180702209473e-01 5.909744501113891602e-01
1.440769433975219727e-01 -5.764014124870300293e-01 4.939416646957397461e-01
2.020746171474456787e-01 -5.654423236846923828e-01 5.707139968872070312e-01
-8.955359458923339844e-02 -2.143771648406982422e-01 6.302015185356140137e-01
3.743377281352877617e-03 -2.543126642704010010e-01 6.464846134185791016e-01
-1.551999300718307495e-01 -3.018664419651031494e-01 5.930339694023132324e-01
-6.202767416834831238e-02 -3.288873136043548584e-01 6.337741017341613770e-01
-9.563869237899780273e-02 -8.202513456344604492e-01 4.763965010643005371e-01
-1.334784328937530518e-01 -8.808835148811340332e-01 4.781867861747741699e-01
-8.453508466482162476e-02 -8.287847042083740234e-01 5.820133686065673828e-01
-1.296060383319854736e-01 -8.881853818893432617e-01 5.751677751541137695e-01
-5.643302947282791138e-02 -8.612594008445739746e-01 5.012810826301574707e-01
-6.960005313158035278e-02 -9.303438067436218262e-01 4.810734093189239502e-01
-3.961871564388275146e-02 -8.791770339012145996e-01 6.108286976814270020e-01
-6.121706217527389526e-02 -9.468548297882080078e-01 5.782168507575988770e-01
-1.659516841173171997e-01 -9.411746263504028320e-01 4.714635014533996582e-01
-1.636236459016799927e-01 -9.487587809562683105e-01 5.646578073501586914e-01
-7.428272068500518799e-02 -9.943033456802368164e-01 4.581901133060455322e-01
-6.877990812063217163e-02 -1.009323477745056152e+00 5.507749319076538086e-01
-1.103721261024475098e-01 -6.582865118980407715e-01 4.384017586708068848e-01
-7.515162229537963867e-02 -6.657220721244812012e-01 5.305474400520324707e-01
-2.859341800212860107e-01 -6.152271032333374023e-01 5.286404490470886230e-01
-2.390651702880859375e-01 -6.038410663604736328e-01 6.162933707237243652e-01
-7.196228206157684326e-02 -7.254235744476318359e-01 4.340610206127166748e-01
-4.800407588481903076e-02 -7.364941835403442383e-01 5.313534736633300781e-01
6.652689538896083832e-03 -8.700799942016601562e-01 5.111666917800903320e-01
9.413341991603374481e-03 -9.362310171127319336e-01 4.769705235958099365e-01
2.634400688111782074e-02 -8.987049460411071777e-01 6.098682880401611328e-01
2.484177425503730774e-02 -9.626416563987731934e-01 5.709667205810546875e-01
1.814397796988487244e-02 -9.937873482704162598e-01 4.452134370803833008e-01
3.337309136986732483e-02 -1.020105957984924316e+00 5.312128067016601562e-01
5.415128543972969055e-02 -8.529366850852966309e-01 5.124475359916687012e-01
7.800392061471939087e-02 -9.063204526901245117e-01 4.701065123081207275e-01
9.415146708488464355e-02 -8.850458860397338867e-01 6.037601828575134277e-01
1.135466769337654114e-01 -9.384248852729797363e-01 5.550107955932617188e-01
1.063125729560852051e-01 -9.575634598731994629e-01 4.314063191413879395e-01
1.396608352661132812e-01 -9.867101311683654785e-01 5.135115385055541992e-01
9.482251852750778198e-02 -7.984516620635986328e-01 5.049504637718200684e-01
1.308453232049942017e-01 -8.500000238418579102e-01 4.640786349773406982e-01
1.468648761510848999e-01 -8.296738862991333008e-01 5.881052017211914062e-01
1.772696375846862793e-01 -8.814951777458190918e-01 5.450970530509948730e-01
1.642373055219650269e-01 -8.989802002906799316e-01 4.220350086688995361e-01
2.101442217826843262e-01 -9.273550510406494141e-01 5.028932690620422363e-01
7.711130380630493164e-02 -7.065201401710510254e-01 5.343523621559143066e-01
1.409323960542678833e-01 -7.042191624641418457e-01 6.092389225959777832e-01
1.729276627302169800e-01 -5.145009756088256836e-01 4.617387056350708008e-01
2.343469709157943726e-01 -5.542456507682800293e-01 4.399857223033905029e-01
2.273422181606292725e-01 -4.939069151878356934e-01 5.401215553283691406e-01
2.822208404541015625e-01 -5.500966310501098633e-01 5.230565071105957031e-01
2.893444597721099854e-01 -5.980874300003051758e-01 4.053428769111633301e-01
3.326606452465057373e-01 -5.991430878639221191e-01 4.962568581104278564e-01
2.022147774696350098e-01 -4.619787931442260742e-01 4.184971153736114502e-01
2.526611387729644775e-01 -4.319581091403961182e-01 4.976412057876586914e-01
2.271333485841751099e-01 -4.149549007415771484e-01 3.672387897968292236e-01
2.811375558376312256e-01 -3.807195723056793213e-01 4.471656084060668945e-01
2.631104588508605957e-01 -5.026507377624511719e-01 3.961803615093231201e-01
3.089707791805267334e-01 -4.791088104248046875e-01 4.827875196933746338e-01
5.689848214387893677e-02 -2.511653900146484375e-01 3.307015299797058105e-01
1.093585491180419922e-01 -3.075200617313385010e-01 3.208079934120178223e-01
1.374091058969497681e-01 -1.961494237184524536e-01 3.545811176300048828e-01
1.858338266611099243e-01 -2.537745833396911621e-01 3.613569140434265137e-01
1.680268794298171997e-01 -3.558857738971710205e-01 3.075263798236846924e-01
2.381562441587448120e-01 -3.075971603393554688e-01 3.673461079597473145e-01
9.145422279834747314e-02 -5.336051583290100098e-01 5.264459252357482910e-01
1.554556339979171753e-01 -5.022001862525939941e-01 5.920314788818359375e-01
2.896873513236641884e-03 -2.367719560861587524e-01 4.863551557064056396e-01
7.761690020561218262e-02 -1.745596975088119507e-01 4.981487691402435303e-01
8.311303332448005676e-03 -2.042406797409057617e-01 4.164083600044250488e-01
9.074921160936355591e-02 -1.515458226203918457e-01 4.246705770492553711e-01
2.913566827774047852e-01 -4.510942697525024414e-01 3.506914079189300537e-01
3.401387929916381836e-01 -4.263181090354919434e-01 4.367323517799377441e-01
6.324791163206100464e-02 -2.354635745286941528e-01 2.595222592353820801e-01
1.424799710512161255e-01 -1.773739904165267944e-01 2.814434468746185303e-01
1.153485104441642761e-01 -2.904644608497619629e-01 2.485463470220565796e-01
1.923707723617553711e-01 -2.333911657333374023e-01 2.852249145507812500e-01
