1.060519069433212280e-01 3.214527964591979980e-01 3.923236429691314697e-01
1.153964996337890625e-01 2.426940202713012695e-01 4.118291139602661133e-01
1.646255105733871460e-01 2.756995558738708496e-01 3.261748552322387695e-01
1.419221013784408569e-01 1.956990510225296021e-01 3.231506347656250000e-01
4.661240428686141968e-02 3.070435822010040283e-01 3.519046604633331299e-01
4.279816523194313049e-02 2.388840466737747192e-01 3.940030932426452637e-01
1.007939055562019348e-01 2.578406631946563721e-01 2.841185927391052246e-01
6.690619885921478271e-02 1.886060833930969238e-01 3.107882142066955566e-01
-1.693747378885746002e-02 2.970918118953704834e-01 3.146239519119262695e-01
-2.800812758505344391e-02 2.356543540954589844e-01 3.776808083057403564e-01
3.411719202995300293e-02 2.447104752063751221e-01 2.515211701393127441e-01
-6.126584019511938095e-03 1.823633909225463867e-01 2.980216443538665771e-01
4.477026686072349548e-02 1.718676388263702393e-01 4.343115091323852539e-01
3.829311951994895935e-02 1.227954179048538208e-01 3.476620912551879883e-01
-2.774020470678806305e-02 1.760927289724349976e-01 4.373484551906585693e-01
-3.347386792302131653e-02 1.242955699563026428e-01 3.582864999771118164e-01
1.091820225119590759e-01 3.906675279140472412e-01 3.585321903228759766e-01
1.812210083007812500e-01 3.483074605464935303e-01 3.056917190551757812e-01
5.768823996186256409e-02 3.715326488018035889e-01 3.090221583843231201e-01
1.274599879980087280e-01 3.258382081985473633e-01 2.556306123733520508e-01
1.514548435807228088e-03 3.557553291320800781e-01 2.648983895778656006e-01
6.830749660730361938e-02 3.058989942073822021e-01 2.114325612783432007e-01
1.187520772218704224e-01 1.686468273401260376e-01 4.315556883811950684e-01
1.143919974565505981e-01 1.234810054302215576e-01 3.405156433582305908e-01
1.284226775169372559e-01 8.987344801425933838e-02 4.387668371200561523e-01
8.860975503921508789e-02 4.961250349879264832e-02 3.541268408298492432e-01
6.141635403037071228e-02 9.812402725219726562e-02 4.671823978424072266e-01
2.107081003487110138e-02 5.333521962165832520e-02 3.863796591758728027e-01
-2.595520345494151115e-03 1.058540269732475281e-01 4.967018961906433105e-01
-4.185577109456062317e-02 5.733804777264595032e-02 4.203424751758575439e-01
8.627586811780929565e-02 2.471889182925224304e-02 4.884365797042846680e-01
2.245520427823066711e-02 -1.681485213339328766e-02 4.234951138496398926e-01
3.326410427689552307e-02 3.912879526615142822e-02 5.354398488998413086e-01
-2.804651111364364624e-02 -5.946540273725986481e-03 4.737342298030853271e-01
-2.777417302131652832e-01 8.110985755920410156e-01 6.086915135383605957e-01
-2.429703474044799805e-01 7.641804814338684082e-01 5.746449232101440430e-01
-2.191153764724731445e-01 8.397572040557861328e-01 6.804448366165161133e-01
-1.803073287010192871e-01 7.952300310134887695e-01 6.473333835601806641e-01
-2.218838036060333252e-01 8.774160742759704590e-01 5.466355681419372559e-01
-1.903275102376937866e-01 8.198941946029663086e-01 5.251604318618774414e-01
-1.754307746887207031e-01 9.004612565040588379e-01 6.256585121154785156e-01
-1.405713409185409546e-01 8.451359272003173828e-01 6.092211008071899414e-01
-2.059307694435119629e-01 7.094361186027526855e-01 5.442703366279602051e-01
-1.355857551097869873e-01 7.429672479629516602e-01 6.146858930587768555e-01
-1.591793000698089600e-01 7.562704086303710938e-01 5.102461576461791992e-01
-1.013954728841781616e-01 7.858886122703552246e-01 5.930413007736206055e-01
-1.322220116853713989e-01 4.703328013420104980e-01 6.976376771926879883e-01
-1.026050448417663574e-01 4.381365478038787842e-01 6.367696523666381836e-01
-4.690891504287719727e-02 5.276694893836975098e-01 6.955809593200683594e-01
-2.916834130883216858e-02 5.032206177711486816e-01 6.235452890396118164e-01
-1.798491179943084717e-01 5.245639681816101074e-01 6.618046760559082031e-01
-1.505537182092666626e-01 4.934258759021759033e-01 6.004456281661987305e-01
-9.435588866472244263e-02 5.780667662620544434e-01 6.743255853652954102e-01
-7.642234116792678833e-02 5.562852621078491211e-01 6.014952063560485840e-01
-8.078951388597488403e-02 3.971657454967498779e-01 5.769614577293395996e-01
-1.796679571270942688e-02 4.688690006732940674e-01 5.550166368484497070e-01
-1.279059499502182007e-01 4.493275880813598633e-01 5.417259931564331055e-01
-6.587158143520355225e-02 5.248143672943115234e-01 5.326915979385375977e-01
1.624580025672912598e-01 5.519116520881652832e-01 3.341244161128997803e-01
1.506879627704620361e-01 4.870189428329467773e-01 3.773625791072845459e-01
2.557197511196136475e-01 5.253577828407287598e-01 3.318042159080505371e-01
2.361692488193511963e-01 4.496445059776306152e-01 3.509992063045501709e-01
1.456426531076431274e-01 5.164778232574462891e-01 2.761757075786590576e-01
1.184964179992675781e-01 4.561612606048583984e-01 3.179636597633361816e-01
2.362691313028335571e-01 4.853267669677734375e-01 2.645708620548248291e-01
2.015246748924255371e-01 4.184073209762573242e-01 2.836202681064605713e-01
1.542702317237854004e-01 4.150806963443756104e-01 4.134306907653808594e-01
2.275663912296295166e-01 3.727060258388519287e-01 3.613308966159820557e-01
9.600483626127243042e-02 4.970172047615051270e-01 2.221399247646331787e-01
7.284750789403915405e-02 4.346292316913604736e-01 2.628144621849060059e-01
1.880931705236434937e-01 4.606303870677947998e-01 2.009830474853515625e-01
1.545995622873306274e-01 3.930125534534454346e-01 2.264431267976760864e-01
1.699677556753158569e-01 5.944828987121582031e-01 3.955340087413787842e-01
1.656590849161148071e-01 5.291942358016967773e-01 4.396853446960449219e-01
2.632796764373779297e-01 5.681301951408386230e-01 3.973280191421508789e-01
2.515701353549957275e-01 4.895954430103302002e-01 4.177450835704803467e-01
1.839453130960464478e-01 6.111503243446350098e-01 2.888738214969635010e-01
2.797580957412719727e-01 5.977500081062316895e-01 3.109727799892425537e-01
1.783061176538467407e-01 5.754870176315307617e-01 2.261245846748352051e-01
2.751213610172271729e-01 5.571022629737854004e-01 2.446804791688919067e-01
1.658620089292526245e-01 -2.787964642047882080e-01 4.065106213092803955e-01
1.740748733282089233e-01 -3.563224077224731445e-01 4.357385933399200439e-01
7.093899697065353394e-02 -3.075947761535644531e-01 4.323464035987854004e-01
8.750971406698226929e-02 -3.811698257923126221e-01 4.830733835697174072e-01
1.686212867498397827e-01 -2.320836335420608521e-01 4.656241238117218018e-01
1.902244687080383301e-01 -3.023978769779205322e-01 4.904022216796875000e-01
7.479939609766006470e-02 -2.595002949237823486e-01 4.835393428802490234e-01
1.005245968699455261e-01 -3.236322104930877686e-01 5.256898999214172363e-01
1.974693685770034790e-01 -4.244380295276641846e-01 4.697646498680114746e-01
1.210904791951179504e-01 -4.345307350158691406e-01 5.326834321022033691e-01
2.241795808076858521e-01 -3.656010627746582031e-01 5.165228843688964844e-01
1.434989571571350098e-01 -3.761529028415679932e-01 5.666796565055847168e-01
1.543204337358474731e-01 3.448957502841949463e-01 4.461595714092254639e-01
2.142629921436309814e-01 2.980894446372985840e-01 3.823988139629364014e-01
1.855275034904479980e-01 6.543295979499816895e-01 3.481395542621612549e-01
2.784052491188049316e-01 6.434330344200134277e-01 3.751549720764160156e-01
2.037624269723892212e-01 6.747616529464721680e-01 2.498407512903213501e-01
2.989163398742675781e-01 6.696645617485046387e-01 2.877944111824035645e-01
2.032342702150344849e-01 6.391626596450805664e-01 1.884102523326873779e-01
3.008729517459869385e-01 6.280724406242370605e-01 2.221299856901168823e-01
1.934851706027984619e-02 4.169229567050933838e-01 2.200826406478881836e-01
9.893631190061569214e-02 3.702615797519683838e-01 1.771567761898040771e-01
2.167237550020217896e-01 7.028053700923919678e-02 4.166283011436462402e-01
1.764048188924789429e-01 1.519424654543399811e-02 3.508878052234649658e-01
2.086158096790313721e-01 1.387202292680740356e-01 3.485212624073028564e-01
1.491937041282653809e-01 8.303039520978927612e-02 2.878309488296508789e-01
1.539645791053771973e-01 9.147364646196365356e-02 4.342595636844635010e-01
1.253762543201446533e-01 3.227294981479644775e-02 3.901782333850860596e-01
1.457226574420928955e-01 1.600796878337860107e-01 3.613531291484832764e-01
9.355097264051437378e-02 1.025636419653892517e-01 3.242029249668121338e-01
1.185572594404220581e-01 -3.299498558044433594e-02 3.055639863014221191e-01
7.148919999599456787e-02 3.769022971391677856e-02 2.577721476554870605e-01
7.740058749914169312e-02 -2.067187987267971039e-02 3.602391183376312256e-01
2.677037566900253296e-02 5.179676413536071777e-02 3.116231560707092285e-01
8.346434682607650757e-02 1.110118329524993896e-01 4.512674212455749512e-01
6.970314681529998779e-02 5.583745986223220825e-02 4.327161014080047607e-01
7.956361025571823120e-02 1.838332116603851318e-01 3.793671429157257080e-01
3.565188497304916382e-02 1.258447617292404175e-01 3.650498390197753906e-01
3.889106214046478271e-02 -2.289266558364033699e-03 4.217205345630645752e-01
-1.485312264412641525e-02 6.846102327108383179e-02 3.735810518264770508e-01
1.954225003719329834e-01 7.608321309089660645e-01 3.585517108440399170e-01
1.746559143066406250e-01 6.967654228210449219e-01 4.005146026611328125e-01
2.703636288642883301e-01 7.674064040184020996e-01 4.193936884403228760e-01
2.601482570171356201e-01 6.918182969093322754e-01 4.411799311637878418e-01
2.155390381813049316e-01 7.187897562980651855e-01 3.017328381538391113e-01
2.960873842239379883e-01 7.185745835304260254e-01 3.562182486057281494e-01
1.000466495752334595e-01 8.905688524246215820e-01 4.201093018054962158e-01
1.062003076076507568e-01 8.211179375648498535e-01 4.496401846408843994e-01
1.463315486907958984e-01 9.095874428749084473e-01 5.029790997505187988e-01
1.647355556488037109e-01 8.348735570907592773e-01 5.236088633537292480e-01
1.578133255243301392e-01 8.632463216781616211e-01 3.779914081096649170e-01
1.557255834341049194e-01 7.927235364913940430e-01 4.085001051425933838e-01
2.143906801939010620e-01 8.816863894462585449e-01 4.563319981098175049e-01
2.251589894294738770e-01 8.071247339248657227e-01 4.749314785003662109e-01
2.065812349319458008e-01 8.324165344238281250e-01 3.310042321681976318e-01
2.707781791687011719e-01 8.453026413917541504e-01 4.051968753337860107e-01
1.415639519691467285e-01 1.043332740664482117e-02 4.417715668678283691e-01
7.481145113706588745e-02 -2.702207863330841064e-02 3.744014203548431396e-01
1.161734685301780701e-01 -5.206330865621566772e-02 4.976733028888702393e-01
2.970014512538909912e-02 -8.791658282279968262e-02 4.675686061382293701e-01
8.569667488336563110e-02 -2.943547442555427551e-02 5.607630610466003418e-01
9.294177871197462082e-04 -6.573493033647537231e-02 5.330577492713928223e-01
1.505985260009765625e-01 -7.354171574115753174e-02 4.367730319499969482e-01
6.076957657933235168e-02 -1.092019006609916687e-01 4.071414172649383545e-01
1.412462741136550903e-01 -1.261315345764160156e-01 5.118449926376342773e-01
4.772352054715156555e-02 -1.551817506551742554e-01 5.056192278861999512e-01
1.245653182268142700e-01 -9.714657068252563477e-02 5.801336765289306641e-01
3.155686706304550171e-02 -1.265044808387756348e-01 5.724599361419677734e-01
1.513240188360214233e-01 -4.228423237800598145e-01 3.951154649257659912e-01
1.702472269535064697e-01 -4.879133999347686768e-01 4.338393509387969971e-01
6.336913257837295532e-02 -4.485966265201568604e-01 4.591301679611206055e-01
1.001489907503128052e-01 -5.021445751190185547e-01 5.061075687408447266e-01
1.601610183715820312e-01 6.397970914840698242e-01 4.552803635597229004e-01
2.520501613616943359e-01 6.160861253738403320e-01 4.621736705303192139e-01
2.347553223371505737e-01 7.920012474060058594e-01 2.761636972427368164e-01
3.102026283740997314e-01 8.009114265441894531e-01 3.474312126636505127e-01
1.401734203100204468e-01 7.307713031768798828e-01 4.515549540519714355e-01
2.203858643770217896e-01 7.333636283874511719e-01 5.001972913742065430e-01
1.582623720169067383e-01 9.348909854888916016e-01 3.567220568656921387e-01
2.092228978872299194e-01 9.546755552291870117e-01 4.403877258300781250e-01
2.138409763574600220e-01 9.078462123870849609e-01 3.125181794166564941e-01
2.702488005161285400e-01 9.241465926170349121e-01 3.954109549522399902e-01
9.579054266214370728e-02 9.603855013847351074e-01 3.990139961242675781e-01
1.383229494094848633e-01 9.783283472061157227e-01 4.829136133193969727e-01
1.765864714980125427e-02 9.655266404151916504e-01 4.343200922012329102e-01
2.932051755487918854e-02 8.974364995956420898e-01 4.485810399055480957e-01
5.535636097192764282e-02 9.838438630104064941e-01 5.182512998580932617e-01
6.938644498586654663e-02 9.172938466072082520e-01 5.347626209259033203e-01
4.182068631052970886e-02 8.250964283943176270e-01 4.705367982387542725e-01
8.785193413496017456e-02 8.398967981338500977e-01 5.522248744964599609e-01
-7.176392525434494019e-02 9.557788372039794922e-01 4.648627936840057373e-01
-5.011524260044097900e-02 8.895511031150817871e-01 4.678975641727447510e-01
-3.453587740659713745e-02 9.748634696006774902e-01 5.489663481712341309e-01
-9.604022838175296783e-03 9.099799990653991699e-01 5.550550818443298340e-01
-3.027903847396373749e-02 8.180257081985473633e-01 4.773958921432495117e-01
1.766237244009971619e-02 8.363141417503356934e-01 5.636403560638427734e-01
9.139184653759002686e-02 7.612109780311584473e-01 5.011472702026367188e-01
1.717671155929565430e-01 7.639184594154357910e-01 5.527352094650268555e-01
-1.557886153459548950e-01 9.253482222557067871e-01 4.998753964900970459e-01
-1.262052506208419800e-01 8.630397319793701172e-01 4.914877712726593018e-01
-1.149569302797317505e-01 9.481040835380554199e-01 5.831567049026489258e-01
-8.265115320682525635e-02 8.874960541725158691e-01 5.779165625572204590e-01
-1.009493023157119751e-01 7.945545911788940430e-01 4.879678189754486084e-01
-4.896881803870201111e-02 8.219177722930908203e-01 5.746521949768066406e-01
1.302777528762817383e-01 -7.877054810523986816e-01 4.659343957901000977e-01
1.776302456855773926e-01 -8.418058156967163086e-01 4.779804050922393799e-01
1.187432333827018738e-01 -7.916824817657470703e-01 5.702061057090759277e-01
1.684493571519851685e-01 -8.460662961006164551e-01 5.767663121223449707e-01
1.756646186113357544e-01 -7.255811095237731934e-01 4.692569673061370850e-01
2.270333766937255859e-01 -7.763265967369079590e-01 4.861738681793212891e-01
1.496864855289459229e-01 -7.241097092628479004e-01 5.663322806358337402e-01
2.051184773445129395e-01 -7.719887495040893555e-01 5.824204683303833008e-01
2.246156483888626099e-01 -8.938978314399719238e-01 4.844535291194915771e-01
2.152477353811264038e-01 -8.961522579193115234e-01 5.817320346832275391e-01
2.761980593204498291e-01 -8.310241699218750000e-01 4.996717274188995361e-01
2.564809918403625488e-01 -8.230148553848266602e-01 5.963281393051147461e-01
2.189621776342391968e-01 -6.613997220993041992e-01 4.792298972606658936e-01
2.719755768775939941e-01 -7.126691341400146484e-01 4.996762275695800781e-01
1.821526736021041870e-01 -6.581318974494934082e-01 5.707943439483642578e-01
2.416227757930755615e-01 -7.036324739456176758e-01 5.924599766731262207e-01
3.217911124229431152e-01 -7.714648842811584473e-01 5.116614103317260742e-01
2.946747839450836182e-01 -7.557828426361083984e-01 6.068993210792541504e-01
-2.852452099323272705e-01 6.637532114982604980e-01 7.250058650970458984e-01
-2.489142268896102905e-01 6.232423186302185059e-01 6.761507987976074219e-01
-1.976552307605743408e-01 7.037011981010437012e-01 7.628302574157714844e-01
-1.609858870506286621e-01 6.679480075836181641e-01 7.092760205268859863e-01
-3.013217449188232422e-01 7.400949001312255859e-01 6.732710003852844238e-01
-2.713720500469207764e-01 6.998097300529479980e-01 6.260851621627807617e-01
-2.311333119869232178e-01 7.728538513183593750e-01 7.335233688354492188e-01
-1.986092478036880493e-01 7.313570380210876465e-01 6.889652013778686523e-01
-1.794589459896087646e-01 5.018747448921203613e-01 7.490136623382568359e-01
-8.091948181390762329e-02 5.527951717376708984e-01 7.623008489608764648e-01
-2.198030799627304077e-01 5.611637830734252930e-01 7.140169739723205566e-01
-1.284523010253906250e-01 6.054593920707702637e-01 7.380734086036682129e-01
-2.170788347721099854e-01 5.804668664932250977e-01 6.242272853851318359e-01
-1.328327059745788574e-01 6.350445747375488281e-01 6.478398442268371582e-01
-1.829053908586502075e-01 5.528210401535034180e-01 5.640495419502258301e-01
-1.090040430426597595e-01 6.199599504470825195e-01 5.769683122634887695e-01
-2.471772730350494385e-01 6.501052975654602051e-01 5.741169452667236328e-01
-1.798314601182937622e-01 6.853015422821044922e-01 6.334304213523864746e-01
-7.141155004501342773e-02 4.268883168697357178e-01 7.329086065292358398e-01
-4.990780353546142578e-02 3.938393592834472656e-01 6.719745993614196777e-01
1.362105086445808411e-02 4.870966672897338867e-01 7.165222167968750000e-01
2.490083314478397369e-02 4.582332670688629150e-01 6.481069326400756836e-01
-2.635633945465087891e-01 5.995763540267944336e-01 7.615758776664733887e-01
-1.691266745328903198e-01 6.417029500007629395e-01 7.932400107383728027e-01
-2.028655707836151123e-01 6.186677813529968262e-01 5.223856568336486816e-01
-1.428678780794143677e-01 6.823148727416992188e-01 5.625315904617309570e-01
-2.645437978208065033e-02 3.554401099681854248e-01 6.119531393051147461e-01
3.739864006638526917e-02 4.237178266048431396e-01 5.791037082672119141e-01
-2.326876670122146606e-01 -6.006433963775634766e-01 4.549639225006103516e-01
-2.819423079490661621e-01 -6.538627743721008301e-01 4.293511211872100830e-01
-2.743292152881622314e-01 -5.963218212127685547e-01 5.425693392753601074e-01
-3.170352876186370850e-01 -6.575742363929748535e-01 5.206460356712341309e-01
-1.885026842355728149e-01 -6.583042144775390625e-01 4.683592021465301514e-01
-2.356553822755813599e-01 -7.126148343086242676e-01 4.424884319305419922e-01
-2.305053770542144775e-01 -6.611395478248596191e-01 5.579200983047485352e-01
-2.723927199840545654e-01 -7.207362651824951172e-01 5.334627032279968262e-01
-1.441945880651473999e-01 -7.158632278442382812e-01 4.829594492912292480e-01
-1.901581734418869019e-01 -7.728484869003295898e-01 4.542701840400695801e-01
-1.854258477687835693e-01 -7.225254774093627930e-01 5.719488859176635742e-01
-2.252997010946273804e-01 -7.835169434547424316e-01 5.450564026832580566e-01
-2.823759913444519043e-01 -7.660134434700012207e-01 4.181556403636932373e-01
-3.174344599246978760e-01 -7.758835554122924805e-01 5.088348984718322754e-01
-2.339714169502258301e-01 -8.289643526077270508e-01 4.296138882637023926e-01
-2.676289677619934082e-01 -8.394538760185241699e-01 5.196428894996643066e-01
5.899622570723295212e-03 3.545920550823211670e-01 7.068787813186645508e-01
3.716929256916046143e-02 3.226336538791656494e-01 6.459519267082214355e-01
8.083197474479675293e-02 4.195896089076995850e-01 6.748845577239990234e-01
9.985246509313583374e-02 3.899511098861694336e-01 6.003754138946533203e-01
5.925399065017700195e-02 2.795473039150238037e-01 5.887231826782226562e-01
1.069046929478645325e-01 3.491766750812530518e-01 5.352169871330261230e-01
-7.155032828450202942e-03 3.065323829650878906e-01 5.576523542404174805e-01
4.227465391159057617e-02 3.782540857791900635e-01 5.134196877479553223e-01
-6.231805309653282166e-02 3.467081487178802490e-01 5.217589139938354492e-01
-1.264880970120429993e-02 4.258619248867034912e-01 4.901743829250335693e-01
-1.669057831168174744e-02 3.889157176017761230e-01 7.687070369720458984e-01
6.962572038173675537e-02 4.472357034683227539e-01 7.437013983726501465e-01
-2.384546697139739990e-01 -3.520086705684661865e-01 3.566789031028747559e-01
-2.979359626770019531e-01 -4.002606570720672607e-01 3.550834953784942627e-01
-2.899945974349975586e-01 -3.099215626716613770e-01 4.289021492004394531e-01
-3.403250873088836670e-01 -3.682615160942077637e-01 4.386640191078186035e-01
-2.033738791942596436e-01 -3.939311206340789795e-01 4.082921743392944336e-01
-2.583793699741363525e-01 -4.463752508163452148e-01 3.999897837638854980e-01
-2.556591928005218506e-01 -3.555295765399932861e-01 4.821631014347076416e-01
-3.022563159465789795e-01 -4.173884391784667969e-01 4.830661714076995850e-01
-1.528295427560806274e-01 -3.368150591850280762e-01 4.175724089145660400e-01
-2.126644402742385864e-01 -2.905260622501373291e-01 4.808053970336914062e-01
-1.190699711441993713e-01 -3.842347562313079834e-01 4.640829563140869141e-01
-1.676908731460571289e-01 -4.416925013065338135e-01 4.545511007308959961e-01
-1.794095188379287720e-01 -3.421749174594879150e-01 5.315971970558166504e-01
-2.214195132255554199e-01 -4.080963134765625000e-01 5.297729372978210449e-01
-2.200598716735839844e-01 -4.951126277446746826e-01 4.444641768932342529e-01
-2.665898501873016357e-01 -4.714947044849395752e-01 5.258167386054992676e-01
-1.300087124109268188e-01 -4.950599670410156250e-01 4.918073713779449463e-01
-1.804188042879104614e-01 -5.497393012046813965e-01 4.774750769138336182e-01
-1.872415542602539062e-01 -4.694687724113464355e-01 5.702858567237854004e-01
-2.282419502735137939e-01 -5.372827649116516113e-01 5.602388381958007812e-01
-3.306266367435455322e-01 -7.071877717971801758e-01 4.054279029369354248e-01
-3.632248044013977051e-01 -7.137249112129211426e-01 4.975703656673431396e-01
4.336791485548019409e-02 -7.544080168008804321e-02 2.734701633453369141e-01
-1.497821044176816940e-02 -2.977238618768751621e-04 2.485519796609878540e-01
2.260082587599754333e-02 -7.022444903850555420e-02 3.413623869419097900e-01
-4.017463698983192444e-02 4.153039772063493729e-03 3.165864050388336182e-01
-3.168518468737602234e-02 -1.112952306866645813e-01 2.523058652877807617e-01
-9.556748718023300171e-02 -3.448550030589103699e-02 2.534725666046142578e-01
-3.632330149412155151e-02 -1.177268773317337036e-01 3.249865174293518066e-01
-1.035134196281433105e-01 -4.252057522535324097e-02 3.264579772949218750e-01
1.083962619304656982e-01 2.920951843261718750e-01 6.636142730712890625e-01
1.298002451658248901e-01 2.507112622261047363e-01 6.040818095207214355e-01
1.695357412099838257e-01 3.626820445060729980e-01 6.064784526824951172e-01
1.745538413524627686e-01 3.197524845600128174e-01 5.425662994384765625e-01
1.446408480405807495e-01 2.016368508338928223e-01 5.445271134376525879e-01
1.757821142673492432e-01 2.720513343811035156e-01 4.784250557422637939e-01
7.379574328660964966e-02 2.290968745946884155e-01 5.358634591102600098e-01
1.085963621735572815e-01 3.001307845115661621e-01 4.736661612987518311e-01
4.757777322083711624e-03 2.491992115974426270e-01 5.092912912368774414e-01
4.100140184164047241e-02 3.257082998752593994e-01 4.572468400001525879e-01
-1.582596004009246826e-01 -2.099888920783996582e-01 3.036512732505798340e-01
-2.113453000783920288e-01 -2.636136114597320557e-01 3.006587624549865723e-01
-2.188079953193664551e-01 -1.493690609931945801e-01 3.513314425945281982e-01
-2.680547535419464111e-01 -2.095061242580413818e-01 3.587664961814880371e-01
-1.327809691429138184e-01 -2.427026629447937012e-01 3.690461218357086182e-01
-1.844670474529266357e-01 -2.987208068370819092e-01 3.612003326416015625e-01
-1.975311487913131714e-01 -1.851943135261535645e-01 4.172706604003906250e-01
-2.429066747426986694e-01 -2.489379346370697021e-01 4.225625097751617432e-01
-1.065056845545768738e-01 -2.754215002059936523e-01 4.297800064086914062e-01
-1.731927245855331421e-01 -2.222101390361785889e-01 4.803441762924194336e-01
-3.563556671142578125e-01 -4.482478499412536621e-01 3.478673398494720459e-01
-3.929279744625091553e-01 -4.244343638420104980e-01 4.358831942081451416e-01
-3.150184452533721924e-01 -4.958281517028808594e-01 3.891103565692901611e-01
-3.523274660110473633e-01 -4.752767384052276611e-01 4.763084053993225098e-01
-2.764377892017364502e-01 -5.449185967445373535e-01 4.330400228500366211e-01
-3.155043721199035645e-01 -5.326813459396362305e-01 5.179292559623718262e-01
2.183605134487152100e-01 1.232004687190055847e-01 4.816795587539672852e-01
2.351236194372177124e-01 1.952472478151321411e-01 4.152498245239257812e-01
1.505065262317657471e-01 1.488477736711502075e-01 4.869357645511627197e-01
1.687697619199752808e-01 2.203211337327957153e-01 4.172972142696380615e-01
8.235906064510345459e-02 1.752417683601379395e-01 4.876106679439544678e-01
1.018974632024765015e-01 2.463039010763168335e-01 4.170183539390563965e-01
5.406972486525774002e-04 -6.300231069326400757e-02 4.147005677223205566e-01
-3.895304352045059204e-02 -1.253924071788787842e-01 4.010489284992218018e-01
-6.303985416889190674e-02 8.698130026459693909e-03 3.896343111991882324e-01
-1.075355410575866699e-01 -5.605881288647651672e-02 4.000194966793060303e-01
1.216893736273050308e-02 1.938123255968093872e-01 4.606409072875976562e-01
3.537670522928237915e-02 2.715532481670379639e-01 4.024558961391448975e-01
2.033966630697250366e-01 2.185433208942413330e-01 6.034347414970397949e-01
2.137125581502914429e-01 1.722916960716247559e-01 5.438756346702575684e-01
2.445073425769805908e-01 2.933974862098693848e-01 5.413184762001037598e-01
2.426988184452056885e-01 2.457168996334075928e-01 4.802649319171905518e-01
-1.050438135862350464e-01 -1.450424045324325562e-01 2.404262423515319824e-01
-1.733247190713882446e-01 -1.848744899034500122e-01 2.367210835218429565e-01
-1.691518276929855347e-01 -7.433141767978668213e-02 2.723420560359954834e-01
-2.345356941223144531e-01 -1.231333464384078979e-01 2.833195924758911133e-01
-1.014231890439987183e-01 -1.593215465545654297e-01 3.120955824851989746e-01
-1.673195213079452515e-01 -8.807703852653503418e-02 3.471558094024658203e-01
-8.912338316440582275e-02 -1.814160048961639404e-01 3.802693486213684082e-01
-1.554094552993774414e-01 -1.208976954221725464e-01 4.158131480216979980e-01
-5.787789449095726013e-02 -2.163593620061874390e-01 4.398212432861328125e-01
-1.289202719926834106e-01 -1.583916842937469482e-01 4.806511700153350830e-01
1.222335621714591980e-01 -6.812465190887451172e-01 4.490193128585815430e-01
8.911183476448059082e-02 -6.853601932525634766e-01 5.470544099807739258e-01
1.710370779037475586e-01 -6.104523539543151855e-01 4.502665102481842041e-01
1.231939047574996948e-01 -6.165711879730224609e-01 5.390422344207763672e-01
-2.332815229892730713e-01 -2.348858118057250977e-01 2.338726669549942017e-01
-2.904475629329681396e-01 -1.798649579286575317e-01 2.919234633445739746e-01
-2.685251533985137939e-01 -3.144514858722686768e-01 2.979542315006256104e-01
-3.184489607810974121e-01 -2.690002918243408203e-01 3.677543997764587402e-01
-1.031863689422607422e-01 -7.716866135597229004e-01 4.885058701038360596e-01
-1.440678387880325317e-01 -8.335151672363281250e-01 4.619170129299163818e-01
-1.393894255161285400e-01 -7.851134538650512695e-01 5.811384916305541992e-01
-1.770070940256118774e-01 -8.467113375663757324e-01 5.538634061813354492e-01
-6.951137632131576538e-02 -8.225467205047607422e-01 4.926116764545440674e-01
-9.775124490261077881e-02 -8.966743946075439453e-01 4.673089683055877686e-01
-9.520883858203887939e-02 -8.425002694129943848e-01 5.902059674263000488e-01
-1.218085661530494690e-01 -9.119351506233215332e-01 5.624830126762390137e-01
-1.811372339725494385e-01 -8.924258947372436523e-01 4.387025237083435059e-01
-2.133630961179733276e-01 -9.046638011932373047e-01 5.269108414649963379e-01
-1.111377477645874023e-01 -9.612117409706115723e-01 4.449413716793060303e-01
-1.379795819520950317e-01 -9.743510484695434570e-01 5.343812704086303711e-01
-1.378244757652282715e-01 -6.081833243370056152e-01 4.921002388000488281e-01
-1.855386346578598022e-01 -6.037969589233398438e-01 5.804831981658935547e-01
-3.288213312625885010e-01 -5.972665548324584961e-01 4.111240506172180176e-01
-3.603900074958801270e-01 -5.942527055740356445e-01 5.020813345909118652e-01
-9.394945204257965088e-02 -6.657944321632385254e-01 5.090321898460388184e-01
-1.416305005550384521e-01 -6.645819544792175293e-01 5.984123349189758301e-01
-2.888188138604164124e-02 -8.664586544036865234e-01 4.989235103130340576e-01
-2.716180868446826935e-02 -9.316126108169555664e-01 4.736475050449371338e-01
-4.475119709968566895e-02 -8.900385499000549316e-01 6.051455736160278320e-01
-4.646254330873489380e-02 -9.556183218955993652e-01 5.695322155952453613e-01
-2.288540266454219818e-02 -9.937540888786315918e-01 4.529515206813812256e-01
-4.282594099640846252e-02 -1.018057942390441895e+00 5.382318496704101562e-01
2.493366412818431854e-02 -8.707180619239807129e-01 4.923593699932098389e-01
5.101583525538444519e-02 -9.357656240463256836e-01 4.739882647991180420e-01
2.084496617317199707e-02 -8.970655798912048340e-01 6.004573106765747070e-01
4.617165774106979370e-02 -9.602345228195190430e-01 5.711578130722045898e-01
8.304470777511596680e-02 -9.929758310317993164e-01 4.604627192020416260e-01
7.753366231918334961e-02 -1.015907526016235352e+00 5.514953732490539551e-01
8.256021887063980103e-02 -8.423257470130920410e-01 4.779509305953979492e-01
1.207572072744369507e-01 -8.982552886009216309e-01 4.746029675006866455e-01
8.158043771982192993e-02 -8.591164350509643555e-01 5.876001119613647461e-01
1.201474964618682861e-01 -9.164934754371643066e-01 5.744445323944091797e-01
1.612163335084915161e-01 -9.532985687255859375e-01 4.703727066516876221e-01
1.605803370475769043e-01 -9.703283905982971191e-01 5.659106969833374023e-01
7.648955285549163818e-02 -7.409492731094360352e-01 4.443598985671997070e-01
5.697562173008918762e-02 -7.522203326225280762e-01 5.502346158027648926e-01
2.070717215538024902e-01 -5.441763401031494141e-01 4.709708392620086670e-01
2.554221153259277344e-01 -5.941583514213562012e-01 5.015394091606140137e-01
1.479680836200714111e-01 -5.460421442985534668e-01 5.488451123237609863e-01
2.067310810089111328e-01 -5.881993174552917480e-01 5.846074223518371582e-01
3.086940646171569824e-01 -6.483477354049682617e-01 5.205471515655517578e-01
2.656452357769012451e-01 -6.310169100761413574e-01 6.084471344947814941e-01
2.370026707649230957e-01 -4.814149737358093262e-01 5.028087496757507324e-01
1.683841198682785034e-01 -4.789692461490631104e-01 5.756626725196838379e-01
2.686760425567626953e-01 -4.225716590881347656e-01 5.418464541435241699e-01
1.954875886440277100e-01 -4.178861379623413086e-01 6.081888079643249512e-01
2.820065021514892578e-01 -5.304272770881652832e-01 5.378065705299377441e-01
2.209747880697250366e-01 -5.208738446235656738e-01 6.155763864517211914e-01
1.673669666051864624e-01 -1.957447677850723267e-01 5.315423011779785156e-01
1.974678784608840942e-01 -2.607313096523284912e-01 5.549159049987792969e-01
7.299905270338058472e-02 -2.196181565523147583e-01 5.449164509773254395e-01
1.058369129896163940e-01 -2.777728736400604248e-01 5.854915976524353027e-01
2.347535043954849243e-01 -3.219059109687805176e-01 5.795170068740844727e-01
1.473544090986251831e-01 -3.286644220352172852e-01 6.277571320533752441e-01
1.363158077001571655e-01 -5.562142729759216309e-01 4.102805852890014648e-01
7.209153473377227783e-02 -5.724620223045349121e-01 4.987105131149291992e-01
1.550100892782211304e-01 -2.083913683891296387e-01 3.807608187198638916e-01
5.202356353402137756e-02 -2.452198565006256104e-01 3.919155001640319824e-01
1.550851911306381226e-01 -1.565452665090560913e-01 4.443822503089904785e-01
5.967229977250099182e-02 -1.901029646396636963e-01 4.432492852210998535e-01
3.142679631710052490e-01 -4.719569683074951172e-01 5.752109885215759277e-01
2.467013746500015259e-01 -4.589673578739166260e-01 6.481755971908569336e-01
1.635594367980957031e-01 -1.613775640726089478e-01 6.001524925231933594e-01
6.796297430992126465e-02 -1.842372417449951172e-01 6.117475032806396484e-01
1.949540376663208008e-01 -2.252594679594039917e-01 6.237947344779968262e-01
1.005973145365715027e-01 -2.414804399013519287e-01 6.515965461730957031e-01
